seed,L,Nz,eps,rho_B,u,D_ax,kL,qmax,b,n,lam_z,rho_g,cp_g,cp_s,D_col,h_w,T_wall,dH,dt,t_end,C_in,T_in,C_out_final,q_out_final,T_out_final,N_ads_final,C_z0,C_z1,C_z2,C_z3,C_z4,C_z5,C_z6,C_z7,C_z8,C_z9,C_z10,C_z11,C_z12,C_z13,C_z14,C_z15,C_z16,C_z17,C_z18,C_z19,C_z20,C_z21,C_z22,C_z23,C_z24,C_z25,C_z26,C_z27,C_z28,C_z29,C_z30,C_z31,C_z32,C_z33,C_z34,C_z35,C_z36,C_z37,C_z38,C_z39,C_z40,C_z41,C_z42,C_z43,C_z44,C_z45,C_z46,C_z47,C_z48,C_z49,C_z50,q_z0,q_z1,q_z2,q_z3,q_z4,q_z5,q_z6,q_z7,q_z8,q_z9,q_z10,q_z11,q_z12,q_z13,q_z14,q_z15,q_z16,q_z17,q_z18,q_z19,q_z20,q_z21,q_z22,q_z23,q_z24,q_z25,q_z26,q_z27,q_z28,q_z29,q_z30,q_z31,q_z32,q_z33,q_z34,q_z35,q_z36,q_z37,q_z38,q_z39,q_z40,q_z41,q_z42,q_z43,q_z44,q_z45,q_z46,q_z47,q_z48,q_z49,q_z50,T_z0,T_z1,T_z2,T_z3,T_z4,T_z5,T_z6,T_z7,T_z8,T_z9,T_z10,T_z11,T_z12,T_z13,T_z14,T_z15,T_z16,T_z17,T_z18,T_z19,T_z20,T_z21,T_z22,T_z23,T_z24,T_z25,T_z26,T_z27,T_z28,T_z29,T_z30,T_z31,T_z32,T_z33,T_z34,T_z35,T_z36,T_z37,T_z38,T_z39,T_z40,T_z41,T_z42,T_z43,T_z44,T_z45,T_z46,T_z47,T_z48,T_z49,T_z50,Qtot_t0,Qtot_t1,Qtot_t2,Qtot_t3,Qtot_t4,Qtot_t5,Qtot_t6,Qtot_t7,Qtot_t8,Qtot_t9,Qtot_t10,Qtot_t11,Qtot_t12,Qtot_t13,Qtot_t14,Qtot_t15,Qtot_t16,Qtot_t17,Qtot_t18,Qtot_t19,Qtot_t20,Qtot_t21,Qtot_t22,Qtot_t23,Qtot_t24,Qtot_t25,Qtot_t26,Qtot_t27,Qtot_t28,Qtot_t29,Qtot_t30,Qtot_t31,Qtot_t32,Qtot_t33,Qtot_t34,Qtot_t35,Qtot_t36,Qtot_t37,Qtot_t38,Qtot_t39,Qtot_t40,Qtot_t41,Qtot_t42,Qtot_t43,Qtot_t44,Qtot_t45,Qtot_t46,Qtot_t47,Qtot_t48,Qtot_t49,Qtot_t50
771308041,0.3278702024937859,51,0.2917488156856572,77.29648060944206,0.964295952707266,5.2241547903145165e-06,0.004800399673016,0.1067763119291752,3.194252666676503,0.4393472785583913,0.2933878571220145,1.855917347135072,1015.4019991110116,1032.132550464457,0.2008760848911994,16.40825386808691,313.0598087705555,33417.82792991345,0.0686298084049928,68.62980840499286,1.776900300816302,308.4196792164745,1.753790414651055,0.0203519324623697,308.4798338911175,0.3734681663479363,1.7764476638530995,1.7759946509687117,1.7755416355502431,1.7750886173530769,1.774635596144065,1.774182571697885,1.773729543794934,1.7732765122200354,1.772823476761606,1.7723704372111104,1.7719173933626968,1.7714643450129597,1.771011291960785,1.770558234007261,1.77010517095563,1.769652102611272,1.7691990287817083,1.7687459492766322,1.7682928639079374,1.7678397724897603,1.7673866748385334,1.7669335707730247,1.7664804601143984,1.766027342686256,1.765574218314684,1.7651210868282996,1.764667948058292,1.7642148018384485,1.7637616480051963,1.7633084863976194,1.7628553168574788,1.7624021392292284,1.7619489533600188,1.7614957590997078,1.7610425563008465,1.760589344818674,1.7601361245111102,1.7596828952387216,1.759229656864706,1.7587764092548674,1.7583231522775669,1.7578698858036952,1.7574166097066304,1.7569633238621902,1.7565100281485684,1.7560567224463073,1.755603406638221,1.7551500806093443,1.7546967442471235,1.7542433977493004,1.753790414651055,0.0204373631436534,0.0204362151180479,0.0204350358238497,0.020433827386128,0.0204325911305807,0.0204313279611169,0.0204300385384369,0.0204287233734441,0.0204273828808347,0.0204260174120486,0.0204246272765846,0.0204232127563416,0.0204217741155691,0.0204203116079224,0.0204188254815326,0.0204173159826735,0.0204157833584122,0.0204142278585042,0.0204126497367195,0.0204110492517276,0.0204094266676383,0.0204077822542722,0.0204061162872136,0.0204044290476933,0.0204027208223311,0.0204009919027705,0.0203992425852242,0.0203974731699532,0.0203956839606928,0.020393875264041,0.0203920473888208,0.0203902006454255,0.0203883353451567,0.0203864517995627,0.0203845503197819,0.0203826312158996,0.02038069479632,0.0203787413671597,0.0203767712316642,0.0203747846896501,0.0203727820369768,0.0203707635650466,0.0203687295603351,0.0203666803039544,0.0203646160712448,0.0203625371314,0.0203604437471194,0.0203583361742931,0.0203562146617136,0.0203540794521028,0.0203519324623697,308.4207021350061,308.422702669836,308.424679068944,308.4266309073431,308.42855774974873,308.43045915033247,308.43233465247084,308.43418378848804,308.4360060793929,308.43780103460966,308.4395681517024,308.44130691609297,308.44301680077257,308.444697266006,308.4463477590292,308.4479677137401,308.4495565503812,308.4511136752154,308.45263848019385,308.4541303426161,308.4555886247821,308.4570126736358,308.4584018204009,308.4597553802073,308.4610726517093,308.4623529166938,308.46359543968106,308.4647994675138,308.46596422893845,308.4670889341752,308.46817277447894,308.4692149216889,308.4702145277682,308.47117072433247,308.47208262216725,308.472949310734,308.4737698576643,308.4745433082427,308.4752686848763,308.4759449865532,308.4765711882868,308.47714624054794,308.4776690686831,308.4781385723195,308.4785536247553,308.4789130723362,308.47921573381683,308.4794603997074,308.4796458316049,308.4797707615082,308.4798338911175,0.0,0.0083057677079758,0.0169953548032064,0.0256279491966302,0.0342039240912812,0.0427236508364356,0.0511874983458988,0.0595958331139769,0.0679490192313437,0.0762474184008034,0.0844913899529507,0.0926812908617271,0.1008174757598778,0.1089002969543026,0.1169301044413084,0.1249072459217614,0.1328320668161447,0.140704910279511,0.148526117216339,0.156296026295293,0.164014973963885,0.1716832944630419,0.1793013198415755,0.186869379970559,0.1943878025576085,0.2018569131610712,0.2092770352041205,0.2166484899887583,0.2239715967097262,0.2312466724683245,0.2384740322861422,0.2456539891186948,0.2527868538689742,0.25987293540091,0.266912540552741,0.2739059741503002,0.2808535390202124,0.2877555360030056,0.2946122639661357,0.3014240198169261,0.3081910985154229,0.314913793087165,0.3215923946358712,0.3282271923560438,0.3348184735454895,0.3413665236177578,0.3478716261144993,0.3543340627177405,0.3607541132620813,0.3671320557468091,0.3734681663479363
235672216,0.0914996816285157,51,0.2966471299686878,63.20651080068853,0.6139846827759113,2.0066027449242576e-06,0.0097575685024046,1.0377280078121842,1.5669829191977993,0.555181247648559,0.6911816031270424,1.427964059622948,804.3904324746236,1016.5080117092166,0.2306691892378884,38.96405178584814,312.7236176632188,48601.65037640541,0.2561666100086556,256.16661000865565,0.2920279750830475,310.16015345468605,0.2801939974249069,0.3608633727398624,310.1631720251215,1.5260703677031169,0.2918203272115074,0.2916113909247815,0.2914015339711667,0.2911907539077203,0.2909790482748353,0.2907664145960135,0.2905528503776439,0.2903383531087859,0.2901229202609561,0.2899065492879188,0.2896892376254796,0.2894709826912814,0.2892517818846015,0.2890316325861518,0.2888105321578793,0.2885884779427676,0.2883654672646388,0.2881414974279567,0.2879165657176288,0.2876906693988086,0.2874638057166982,0.2872359718963492,0.2870071651424638,0.2867773826391943,0.2865466215499418,0.286314879017154,0.2860821521621212,0.2858484380847713,0.2856137338634628,0.2853780365547765,0.2851413431933056,0.2849036507914435,0.2846649563391701,0.2844252568038365,0.2841845491299464,0.2839428302389373,0.2837000970289575,0.2834563463746429,0.28321157512689,0.2829657801126276,0.2827189581345855,0.2824711059710614,0.282222220375685,0.2819722980771798,0.281721335779122,0.281469330159698,0.2812162778714577,0.2809621755410694,0.280707019770539,0.2804508079587552,0.2801939974249069,0.3743353567656369,0.3740897102535054,0.3738431772813314,0.3735957531447888,0.3733474330853185,0.3730982122909126,0.3728480858967812,0.3725970489858891,0.37234509658941,0.3720922236870843,0.3718384252074836,0.3715836960282085,0.371328030976002,0.3710714248268128,0.3708138723057905,0.3705553680872204,0.3702959067944192,0.3700354829995806,0.3697740912235641,0.3695117259356756,0.3692483815533794,0.3689840524419949,0.3687187329143599,0.3684524172304653,0.3681850995970595,0.3679167741672318,0.3676474350399782,0.3673770762597422,0.3671056918159214,0.3668332756423901,0.3665598216169676,0.3662853235608961,0.3660097752382961,0.3657331703555953,0.3654555025609668,0.3651767654437335,0.3648969525337704,0.364616057300894,0.3643340731542369,0.3640509934416165,0.3637668114488836,0.3634815203992726,0.3631951134527288,0.3629075837052398,0.3626189241881418,0.3623291278674276,0.3620381876430407,0.3617460963481603,0.36145284675014,0.3611584324824942,0.3608633727398624,310.16021624614694,310.16033886983683,310.1604586510882,310.16057560484086,310.1606897460899,310.1608010898863,310.16090965133725,310.1610154456067,310.16111848791576,310.161218793543,310.16131637782524,310.1614112561578,310.16150344399506,310.1615929568508,310.1616798102988,310.1617640199735,310.16184560157006,310.1619245708453,310.162000943618,310.16207473576924,310.16214596324335,310.162214642048,310.16228078825503,310.1623444180007,310.1624055474865,310.1624641929796,310.1625203708132,310.16257409738733,310.16262538916936,310.1626742626944,310.1627207345661,310.162764821457,310.1628065401093,310.1628459073352,310.16288294001765,310.1629176551112,310.1629500696419,310.16298020070866,310.1630080654833,310.1630336812115,310.1630570652133,310.1630782348837,310.1630972076933,310.1631140011889,310.1631286329944,310.1631411208112,310.16315148241864,310.1631597356753,310.16316589851914,310.1631699889682,310.1631720251215,0.0,0.0754580873326899,0.1481190908921831,0.2175616635744469,0.2839238050148722,0.3473381057366925,0.4079318942659323,0.4658273902861966,0.521141861679791,0.5739877837186851,0.6244729990049608,0.672700877032891,0.7187704724667661,0.7627766814101969,0.8048103950917322,0.8449586505144153,0.8833047777182856,0.9199285433886648,0.9549062906124792,0.9883110746423992,1.0202127945762014,1.0506783208982289,1.0797716188623945,1.1075538677230616,1.134083575842192,1.159416691719192,1.1836067110045327,1.206704779569988,1.22875979271773,1.2498184906178325,1.2699255500693596,1.2891236726844024,1.3074536695973509,1.3249545428036251,1.341663563233151,1.3576163456641732,1.372846920582757,1.3873878030925286,1.4012700589780216,1.414523368023458,1.4271760846869803,1.4392552962282947,1.450786878385504,1.4617955486944958,1.472304917541853,1.4823375370396568,1.4919149478080096,1.50105772374846,1.509785514888882,1.5181170883777513,1.5260703677031169
485121781,0.259579334499086,51,0.4031062633671164,167.52369426718843,0.6811134872520466,2.556017212642037e-06,0.010144741904467,0.5392557202716057,0.7661844857316299,0.4570183158648017,0.6199626434804751,0.6252650416392584,869.6897851891671,811.3688055399987,0.098522873877829,16.508098520936795,311.47765574506263,44530.83911153441,0.2840993986042978,284.09939860429785,0.9553897880004276,298.93967140231285,0.92991601606792,0.2316533927886161,299.573283111302,6.1982163817693445,0.9549375095365116,0.9544831027159684,0.9540268879710644,0.9535688590089488,0.9531090094982818,0.952647333066132,0.9521838232953974,0.9517184737225562,0.9512512778357688,0.950782229073152,0.9503113208212464,0.9498385464136264,0.9493638991295682,0.9488873721928718,0.948408958770599,0.9479286519719976,0.947446444847372,0.946962330386949,0.9464763015198518,0.9459883511129652,0.9454984719698386,0.9450066568296774,0.9445128983661631,0.9440171891863642,0.9435195218296678,0.9430198887675711,0.9425182826138756,0.9420147092639752,0.9415094962874934,0.9410060558283296,0.9405171265537066,0.9400373765859888,0.9395326657480654,0.9390166704794464,0.9384979723378044,0.93797721054597,0.9374544033582548,0.9369295433685424,0.9364026221743204,0.9358736312646844,0.9353425620492692,0.934809405857582,0.9342741539371306,0.933736797451881,0.9331973274804308,0.9326557350144294,0.9321120109567692,0.9315661461198942,0.9310181312243628,0.9304679571875868,0.92991601606792,0.2363268451390753,0.2362426926281935,0.2361582178689258,0.2360734192096974,0.2359882948793417,0.2359028430063004,0.235817061633597,0.2357309487304471,0.2356445022012107,0.2355577198922541,0.2354705995971705,0.2353831390607142,0.2352953359817382,0.2352071880153526,0.2351186927744815,0.2350298478309565,0.234940650716237,0.2348510989218616,0.2347611898996527,0.2346709210617659,0.2345802897805692,0.2344892933884236,0.2343979291773434,0.2343061943985732,0.2342140862621133,0.2341216019625397,0.2340287449503432,0.2339359217406001,0.2338531005832046,0.2338763428478239,0.2342972936655732,0.2345535291939667,0.2337447052217314,0.2333608604546457,0.2332440511068941,0.2331469971283508,0.2330503622927431,0.2329533468139384,0.232855918892408,0.2327580743696192,0.2326598099823345,0.2325611224353903,0.2324620083726243,0.2323624643767666,0.2322624869696081,0.2321620726118071,0.2320612177024507,0.2319599185784141,0.23185817151359,0.2317559727713599,0.2316533927886161,298.9518218186259,298.97560621916466,298.9989425956659,299.02183041467384,299.04426910982045,299.0662580815345,299.08779669674874,299.10888428860346,299.1295201561466,299.14970356403114,299.16943374220875,299.18870988562,299.2075311538814,299.2258966709685,299.2438055248956,299.261256767392,299.278249413574,299.2947824416139,299.31085479240465,299.3264653692209,299.3416130373764,299.35629662387674,299.3705149170696,299.38426666628965,299.39755058149973,299.4103653329285,299.42270955070376,299.43458182444294,299.4459807004065,299.456904620906,299.4673513436866,299.47731617834893,299.48679537319344,299.4957915545061,299.5043047525689,299.5123333455851,299.5198755464678,299.5269295187161,299.53349338078624,299.5395652058386,299.5451430213135,299.5502248084966,299.55480850207863,299.5588919897116,299.5624731115589,299.56554965984213,299.56811937838097,299.57017996212926,299.57172905670654,299.5727642579234,299.573283111302,0.0,0.3564644938453877,0.6876468813687983,1.0015259836479788,1.298984491940058,1.5808629125521516,1.847961152566293,2.10104012317527,2.340823341699527,2.5679985179856097,2.783219114446503,2.9871058717582484,3.1802482943697434,3.363206091656865,3.536510571864368,3.700665987009685,3.8561508277325816,4.003419067710299,4.142901357755525,4.27500617010227,4.400120893684624,4.5186128814427855,4.630830450863599,4.73710383908997,4.837746114024098,4.933054042910212,5.023308919919614,5.108777354278624,5.189712020482579,5.266352372129337,5.338925320886258,5.407645882077775,5.472717788347598,5.534334072812356,5.592677623082674,5.647921707484601,5.7002304747695725,5.749759428555357,5.796655877694265,5.841059363718727,5.883102066468251,5.922909188956626,5.960599322493441,5.996284793030478,6.030071989660947,6.062061676158155,6.092349286400079,6.121025204518723,6.148175030458948,6.173879831624288,6.1982163817693445
539476110,0.4717463074589201,51,0.4707564337718859,91.20995621009185,0.1791038344150758,5.250047887707561e-06,0.0063017363925482,0.1414498642724913,4.347737818532898,0.2690547352051581,0.3171210515599635,0.8982554399263016,1144.2879716082082,1029.6167699667128,0.0355691137837882,31.562161836892383,317.9939006583664,55056.50142209232,0.1933045135622843,193.3045135622843,0.522151819150098,304.94652833432946,0.4443051636015628,0.0529852028620365,312.4416636448128,1.2591786037989237,0.5206640296691694,0.5191706658766081,0.5176763152001488,0.5161809573881766,0.5146845720817811,0.5131871385307499,0.5116886353451008,0.5101890402253902,0.5086883296280954,0.507186478313665,0.5056834589496185,0.5041793251122118,0.5026785192376261,0.5011725828501227,0.4996632827776331,0.4981527383275925,0.4966409287237576,0.4951278020872085,0.4936132775144803,0.4920971867959622,0.490579507820399,0.489060446914676,0.4875399250401671,0.4860177506005688,0.4844940155607357,0.4829688451182506,0.4814421087049976,0.4799136533520715,0.4783837052461391,0.476852232268234,0.4753190392951342,0.4737842111749256,0.472247865261353,0.4707098451516614,0.4691700605598408,0.467628727041177,0.4660857468145814,0.4645409397215519,0.4629945117684861,0.4614464425927556,0.459896529621463,0.4583449014617568,0.4567916220120389,0.4552364970272083,0.4536795630263541,0.452120954153506,0.4505604949416556,0.4489981462225304,0.4474340867714635,0.4458681775167714,0.4443051636015628,0.0552718173194839,0.0552374824719228,0.0552027255427175,0.0551675508799253,0.0551319558783884,0.0550959334994146,0.0550594728224394,0.0550225587132987,0.0549851708123265,0.054947281695388,0.054908853697693,0.0548709366205454,0.0549026608625838,0.054802217407058,0.054729083585451,0.0546888878953085,0.0546482544433551,0.0546066980148274,0.0545637681950691,0.0545180930984017,0.0544719389893292,0.0544288843108852,0.0543844819866451,0.0543369592494803,0.0542907372030922,0.0542463473311019,0.0541997990224453,0.0541507214101028,0.0541050424708886,0.0540587401423689,0.0540092548546944,0.0539609516077542,0.0539143512650494,0.0538651778228919,0.0538144452217826,0.0537669405579252,0.0537177785304623,0.0536656519058519,0.0536165961380998,0.0535670881824575,0.0535142660709298,0.0534632987214565,0.053413189218547,0.0533598962491043,0.0533070133701462,0.053256078929128,0.0532022537043716,0.0531476509399795,0.053095686523517,0.0530411639407414,0.0529852028620365,305.11651488515406,305.44511231344154,305.7634987377764,306.07192931076406,306.37065087074467,306.6599021373486,306.9399139002448,307.2109092012241,307.4731035097616,307.72670489220235,307.9719141747176,308.208925100182,308.43792446962016,308.65909169000304,308.87260065199723,309.0786184914868,309.277305667636,309.46881637166854,309.65329864748014,309.830894506614,310.0017400459358,310.1659655287676,310.3236954494831,310.47504866215894,310.62013848129794,310.7590727242213,310.89195378196854,311.01887872434355,311.13993936906115,311.2552222917834,311.36480891706805,311.4687755921292,311.567193596257,311.6601291785931,311.747643632631,311.82979332058926,311.9066296605652,311.9781991923585,312.0445436079657,312.10569971413327,312.16169947253627,312.2125700297175,312.25833367315613,312.29900783565967,312.3346051213278,312.3651332610165,312.3905950806105,312.41098851942405,312.42630658388697,312.4365372849723,312.4416636448128,0.0,0.0313783510100457,0.0730228278436792,0.1137047106017996,0.1534490677507692,0.1922770163019782,0.2302092316040042,0.2672659538598307,0.3034669947263206,0.3388317440736792,0.3733791768681436,0.4071278601460938,0.4400959600520254,0.4723012489164894,0.5037611123532653,0.5344925563577678,0.5645122143910735,0.5938363544360122,0.6224808860135856,0.6504613671495473,0.6777930112823655,0.7044906941050071,0.7305689603340437,0.7560420304005301,0.780923807057925,0.8052278819030695,0.8289675418068703,0.8521557753385061,0.8748052787849243,0.8969284624347916,0.9185374566702532,0.9396441178661225,0.9602600342364848,0.9803965315804644,1.0000646789269103,1.019275294078008,1.0380389490519866,1.0563659754252883,1.0742664695746962,1.0917502978200568,1.108827101468361,1.1255063017600289,1.1417971047183495,1.157708505903104,1.1732492950694555,1.188428060733261,1.20325319464401,1.2177328961666274,1.2318751765734215,1.2456878632474913,1.2591786037989237
800457391,0.646089851956069,51,0.7198117025708937,113.53831783382684,0.7190696052553495,5.828493591838125e-07,0.015377507615502,0.480238912983394,3.028899992367099,0.1294602630327192,0.4718301384759216,0.9095582836642244,1184.1385670990646,840.1503745837457,0.4600543982201023,23.830355674386663,309.979334109642,29927.552658965607,0.1188144851806569,118.8144851806569,3.915574551926516,317.2639687210328,3.815112858207729,0.2323374559242535,315.7436010607896,4.888193147376289,3.9136262624282687,3.911677001407136,3.909726885533252,3.907775909534936,3.905824068270445,3.9038713566568872,3.901917769625315,3.899963302088148,3.898007948912535,3.896051704975908,3.894095803232615,3.892448503201751,3.8905061067608537,3.888541613151834,3.886576209857691,3.88460990541108,3.8826426932810056,3.880674566812924,3.878705519142576,3.876735543109956,3.874764631163909,3.872792994796972,3.870865129922409,3.8688901007129273,3.866912565337544,3.864934097875834,3.8629546919134583,3.8609743395978753,3.8589930325823216,3.857010761706106,3.855027517707273,3.8530534843026674,3.8510774238220407,3.849088553626003,3.847098710076726,3.845107902416622,3.843116120935431,3.841123355412682,3.8391295933080114,3.837134836116205,3.83515027615806,3.833151168876666,3.8311507930086353,3.8291494325492046,3.8271470769700087,3.825143713129146,3.823139325437257,3.821134027880175,3.819133687688278,3.817123742636708,3.815112858207729,0.2335382688959937,0.2335235888790703,0.2335087780558702,0.2334938424644241,0.2334787850856764,0.2334636072703518,0.2334483093390569,0.2334328908640585,0.2334173508044243,0.2334016876189691,0.233413862638856,0.2404987970928885,0.2337329133623422,0.2332306929964998,0.2332145905887872,0.2331986800627184,0.2331826158086272,0.2331663949929641,0.2331500128127944,0.2331334624755467,0.2331167347126245,0.2331047909524177,0.2341137721035371,0.2330363818499227,0.2329836182580019,0.232966966106235,0.2329501628287921,0.2329331754367136,0.2329159926018185,0.2328985956474407,0.2328809676014777,0.2330969806611892,0.2330551727660297,0.2327659773639627,0.2327483493377964,0.2327309293262269,0.2327132825118113,0.2326953971975381,0.2326772201480234,0.2326590572659816,0.232897693857715,0.2325686049520441,0.2325441771827755,0.2325262612429224,0.2325080996471323,0.2324896324522599,0.2324708033492979,0.2324545767090862,0.2325729694501495,0.2323572528525411,0.2323374559242535,317.23981889735313,317.1923132842262,317.1451546358476,317.0983626130623,317.0519572126922,317.0059587669063,316.9603879424907,316.9152657400068,316.87061349283346,316.8264528660913,316.782805855439,316.73969430574977,316.6970189718178,316.65491635820314,316.6134179932808,316.57254754213847,316.53232898584963,316.49278662512745,316.4539450780862,316.4158292778939,316.3784644703209,316.3418762111962,316.3060902784174,316.2711152249241,316.23699537860017,316.20375812263325,316.17143052353214,316.1400399381288,316.10961401048195,316.0801806682739,316.0517681192124,316.02440484726355,315.998115593994,315.9729297136865,315.94888107447474,315.9259992268063,315.9043139674044,315.88385534176695,315.8646536394302,315.8467393898183,315.8301433518378,315.8148921006997,315.80102209146946,315.78856486504844,315.7775520601846,315.76801552149834,315.75998729468705,315.7534996215625,315.7485848831909,315.7452733267129,315.7436010607896,0.0,0.2060504558335517,0.4072394197405298,0.6012367616800786,0.7882995564817642,0.9686755553249636,1.142603667929594,1.3103142772637686,1.4720295431209756,1.627963694953644,1.7783233143652448,1.9233076075277669,2.0631086679307185,2.1979117299570614,2.327895413331317,2.4532319589310223,2.574087456214611,2.690622062576139,2.8029902149055386,2.9113408336289823,3.015817519494467,3.116558743358608,3.213698029221776,3.3073641307501287,3.3976812015148306,3.4847689591707365,3.568742843789055,3.6497141705510456,3.727790277002576,3.803074665062295,3.8756671379695904,3.945663932351756,4.013157845583687,4.078238358607195,4.140991754371245,4.2015012320486855,4.259847017179568,4.316106467885896,4.370354177297482,4.422662072323685,4.473099508901042,4.5217333638422055,4.568628123407147,4.613845968713333,4.657446858097424,4.699488606537073,4.7400269622375415,4.77911568048416,4.816806594858028,4.853149685908961,4.888193147376289
256354230,0.9176584969107734,51,0.2418420971721643,338.0075452994678,0.2222885445369206,1.512866476098653e-07,0.0219434466964759,0.4767132527039337,0.142389858145577,6.29947777155768,0.8651681140249095,0.5270966893638636,996.4578778615388,932.128670332684,0.3133798784297726,40.25645432438559,310.6701414029787,51771.93658596699,0.2997602740302046,299.76027403020464,3.7873214219749554,307.96687836101484,3.7664670570975054,0.0088928176291166,309.07320598148044,2.2272194372081704,3.787279873078421,3.787229812066218,3.7871707654857447,3.7871022549594033,3.7870238066870754,3.786934952451383,3.786835230399458,3.7867241854909017,3.786601369974613,3.786466343910428,3.7863186756725846,3.786157942437725,3.7859837306540913,3.78579563648336,3.78559326621531,3.785376236655745,3.785144175486451,3.784896721597412,3.7846335253918135,3.7843542490639233,3.784058566850113,3.783746165253536,3.783416743242861,3.783070012425481,3.782705697195734,3.7823235348586888,3.781923275730052,3.78150468321279,3.781067533851136,3.7806116173626094,3.780136736648759,3.779642707785309,3.779129359992481,3.778596535586183,3.778044089910874,3.777471891254838,3.77687982074867,3.7762677722477567,3.7756356521995422,3.774983379496373,3.774310885314727,3.7736181129416018,3.7729050175888794,3.772171566196416,3.771417737224677,3.770643520437636,3.7698489166767306,3.7690339376266095,3.768198605573385,3.767342953157419,3.7664670570975054,0.0095333189165058,0.0095292120895397,0.00952478279483,0.0095200224247218,0.0095149255866333,0.0095094873719237,0.0095037032805575,0.0094975690972625,0.0094910809113623,0.0094842351435808,0.0094770285477077,0.0094694582131006,0.0094615215655886,0.0094532163645662,0.0094445406997568,0.0094354929877084,0.0094260719673728,0.009416276695319,0.0094061065407188,0.0093955611799115,0.0093846405906337,0.0093733450460014,0.0093616751082072,0.0093496316219447,0.0093372157076083,0.0093244287542777,0.0093112724124958,0.0092977485868687,0.0092838594285062,0.0092696073273186,0.0092549949041885,0.0092400250030369,0.0092247006828024,0.0092090252093482,0.009193002047315,0.0091766348519382,0.0091599274608419,0.0091428838858279,0.0091255083046734,0.0091078050529516,0.0090897786158893,0.0090714336202747,0.0090527748264266,0.0090338071202385,0.009014535505308,0.0089949650951611,0.0089751011055833,0.008954948847065,0.00893451371737,0.0089138011942668,0.0088928176291166,307.9882677584484,308.03012529951246,308.07116438293355,308.11138711407403,308.15079530672483,308.1893904931691,308.2271739341675,308.26414662888993,308.30030932483214,308.3356625277135,308.3702065113491,308.4039413274972,308.43686681567885,308.4689826129691,308.5002881637569,308.5307827294709,308.5604653982667,308.58933509467045,308.6173905891731,308.64463050776703,308.6710533414179,308.6966574554614,308.72144109891474,308.745402413692,308.7685394437094,308.79085014386914,308.81233238890496,308.8329839820764,308.8528026636942,308.87178611946,308.88993198860305,308.9072378717953,308.92370133882554,308.9393199360133,308.95409119334147,308.9680126312882,308.9810817673361,308.9932961221373,309.0046532253137,309.0151506208696,309.0247858721951,309.0335565666393,309.04146031962995,309.0484947783194,309.05465762473466,309.05994657841046,309.064359398485,309.0678938852382,309.0705478810527,309.0723192707779,309.07320598148044,0.0,0.0999466033521535,0.2458603654774108,0.3814201355249345,0.5076396260916407,0.625286066463425,0.7350393392568716,0.8375055136051964,0.9332278732937728,1.0226959481673847,1.1063529480984513,1.1846019145724378,1.2578108387563585,1.3263169430620707,1.3904302826294903,1.4504367913670224,1.5066008722458195,1.5591676119253406,1.6083646843052908,1.654403995336864,1.6974831116761733,1.737786507978203,1.775486661387628,1.8107450167562011,1.843712842050748,1.8745319901133068,1.9033355802409675,1.930248610846244,1.9553885126440795,1.9788656503134416,2.0007837793401646,2.02124046371574,2.0403274593060283,2.0581310669838486,2.0747324590154568,2.090207981683128,2.104629436698073,2.118064343596642,2.130576185007137,2.142224636415764,2.15306578184075,2.163152316637363,2.172533738498279,2.1812565275792206,2.1893643165653334,2.1968980513964045,2.203896143286139,2.2103946126001075,2.216427225096847,2.222025620985319,2.2272194372081704
942120212,0.0730688612740379,51,0.3986810133871279,378.9962820022541,0.4931308484715693,7.629296258012498e-06,0.0146528232911388,0.3400191020119606,3.818074429568802,0.5823358516433844,0.583467272291569,0.6225761938679142,910.4096921549468,1190.6096605056289,0.4253065066174747,11.336660029561193,299.9072170698773,26316.52253748032,0.1967714683411715,196.7714683411716,0.1342806839650158,298.7516732448993,0.1023231120812552,0.0994389910753964,298.73039509087585,1.9894495317920229,0.1339580206824326,0.1336230508716361,0.1332790345470394,0.1329258476591164,0.1325633620857376,0.1321914454662196,0.1318099610275776,0.1314187674026519,0.1310177184397881,0.1306066630037584,0.1301854447676281,0.1297539019952972,0.1293118673144796,0.1288591674799321,0.1283956231268056,0.1279210485140745,0.1274352512581063,0.1269380320565644,0.1264291844030126,0.1259084942928009,0.1253757399210817,0.1248306913741434,0.124273110315668,0.123702749670042,0.1231193533055058,0.122522655720748,0.1219123817399799,0.1212882462447876,0.1206499544672149,0.1199972071190805,0.1193297170116607,0.1186471984634067,0.1179492523904113,0.1172353953342354,0.1165052948896978,0.1157586660253996,0.1149951530557024,0.1142143682189845,0.1134159119542432,0.1125993771826985,0.1117643517243536,0.1109104213103893,0.110037173742916,0.1091442046092099,0.1082311248025364,0.1072975691235074,0.1063432025255613,0.1053677171756093,0.1043708207115306,0.1033523436673346,0.1023231120812552,0.129339209870587,0.129004025656319,0.1286624376563839,0.1283142832993828,0.1279593934924924,0.1275975923143562,0.1272286966927414,0.1268525160665066,0.1264688520315153,0.1260774979702111,0.1256782386647132,0.1252708498934416,0.1248550980115207,0.1244307395154648,0.1239975205930147,0.1235551766594303,0.1231034318821053,0.1226419986960548,0.1221705773137096,0.1216888552335102,0.1211965067531751,0.1206931924951622,0.1201785589539799,0.1196522380776115,0.119113846898647,0.1185629872348877,0.1179992454889599,0.1174221929986522,0.1168313983255437,0.1162265443684125,0.115607722855954,0.1149747905465658,0.1143247325579293,0.1136551433380545,0.1129694597539197,0.1122686221985482,0.1115506353937276,0.1108144215533159,0.1100593838474753,0.1092850163437119,0.1084908584804836,0.1076765098806526,0.1068416590419575,0.1059861226071253,0.1051098918147146,0.1042131626153323,0.1032962825174195,0.1023595262348676,0.1014028438987514,0.100426064614413,0.0994389910753964,298.7513312636329,298.75065354579,298.7499818831098,298.7493165106718,298.7486576663842,298.7480055910757,298.747360528591,298.74672272589027,298.7460924331531,298.7454699038868,298.7448553950392,298.74424916711644,298.743651484306,298.74306261460447,298.74248282995137,298.74191240636867,298.741351624106,298.74080076779205,298.7402601265931,298.7397299943772,298.73921066988584,298.73870245691256,298.7382056644888,298.73772060707665,298.73724760476995,298.7367869835014,298.73633907525857,298.7359042183056,298.73548275741257,298.7350750440788,298.7346814366419,298.73430230000054,298.73393800555385,298.733588933802,298.73325547633675,298.73293803236925,298.7326370076205,298.7323528159473,298.73208588008265,298.73183663191026,298.7316055126409,298.7313929729336,298.73119947294794,298.73102548230247,298.73087147990213,298.730737953594,298.73062539962524,298.7305343219559,298.7304652316354,298.730418646476,298.73039509087585,0.0,0.0618071919994609,0.1242893746895512,0.1867643140206129,0.2491933368600693,0.3114720448376994,0.3734545527100266,0.434982258358108,0.4958998927100134,0.5560635370435106,0.6153442952054581,0.6736295868570124,0.7308231271428272,0.7868441930650956,0.8416265241733624,0.8951170616076324,0.9472746452446816,0.9980687381157825,1.047478216506578,1.0954902453457351,1.142099247022618,1.1873059648679325,1.2311166184801834,1.2735421458221037,1.3145975258751592,1.3543011752009386,1.3926744117436844,1.4297409794444171,1.4655266276126704,1.500058739446331,1.5333660045591064,1.5654781308415586,1.5964255914294672,1.6262394029735403,1.6549509317929556,1.6825917248504705,1.7091933628092937,1.7347873327230008,1.7594049181715117,1.7830771048908876,1.8058345001547111,1.8277072643525605,1.848725053378624,1.8689169705931108,1.8883115272524436,1.9069366104232373,1.924819457501182,1.941986636550625,1.958464031765108,1.9742768334245429,1.9894495317920229
943684816,0.6922527529050014,51,0.7555634961510898,113.25167477146108,0.2724514277698108,7.03886389401992e-06,0.0038969675690525,7.879816422947066,8.810342729186505,3.2912124365079847,0.6918701809650204,0.4677357610784639,1182.6208062131268,1198.7217365559732,0.0279365620097959,47.0693103073856,308.43788381381387,41961.683814943695,0.3336487262494629,333.6487262494629,3.2689467910159,316.76404345811187,0.0203445452435422,0.0120475928556767,306.5392200847775,54.45188973029378,3.2053234570595155,3.141568856454972,3.0778014163056717,3.0140210174214923,2.9502274274276474,2.886419891814176,2.8225919294035013,2.7586992654449767,2.694743897248725,2.630740615922041,2.566668644586941,2.502515780866075,2.438160514707781,2.3726973179712,2.3039750155492995,2.230703021121954,2.152224119410823,2.068030120972639,1.9776388942170204,1.8805581430164944,1.7762712274244403,1.6642299221799568,1.5438498433391832,1.4145072970826411,1.275537612710322,1.12623652990533,0.965870398997755,0.7937181015840182,0.6092636440477229,0.4134895376183738,0.223319143654548,0.1145861066516122,0.0738861830640271,0.0561055217140355,0.0465480675366245,0.040610403230007,0.0365444234582341,0.0335650941724568,0.0312723038902086,0.0294417201046626,0.0279379870847962,0.0266745734132744,0.0255935242657798,0.0246545128175769,0.0238285701397383,0.0230943180502193,0.0224356120264886,0.0218400142141138,0.0212977739749825,0.0208011303828658,0.0203445452435422,5.732681929174202,5.732668196317816,5.732651202548894,5.732629364349746,5.732598787121951,5.732542088210416,5.732268254413918,5.730498875670236,5.728794730835662,5.727589558074047,5.725682188326605,5.723368673699218,5.717009311708112,5.680225133481119,5.570931014208555,5.418140408489644,5.243223366933709,5.05120784295246,4.842971697227053,4.618168317975717,4.375968339124974,4.115290042533942,3.834882108606121,3.533356089105227,3.209200384374497,2.8607896578319605,2.486402493135918,2.084278920101008,1.652854676707462,1.1920827708631951,0.7162134075945074,0.3399475729804168,0.1723908894118833,0.1073684012630791,0.0765358477586506,0.0590670327895438,0.0479143818321953,0.0401958501192422,0.0345411789683711,0.0302213909822797,0.0268143217126745,0.0240589017261639,0.0217850685107389,0.0198772842611356,0.0182542877583675,0.0168572447672818,0.0156424983893908,0.0145769631346731,0.0136351022177845,0.0127968894360145,0.0120475928556767,316.3514603929358,315.57069911847555,314.82974863393656,314.12636886621607,313.45842972011167,312.8239046277312,312.22086452368586,311.6474737136376,311.1019961079488,310.5827754736112,310.0882262892406,309.6168399418146,309.1671773143988,308.7378980600394,308.32800126240835,307.9372141413704,307.5657256568407,307.2139909886717,306.8826873504201,306.5727087287527,306.2851725960479,306.0214317832887,305.7830894063913,305.5720160735529,305.39036899490696,305.2406126027724,305.12553980957546,305.04829125216287,305.0123628024873,305.02155513703315,305.0795307812423,305.1849083401239,305.3128015853885,305.44249303371174,305.5672922190763,305.6850585777032,305.7950565927818,305.89706599798143,305.9910818785404,306.07719511997374,306.15553812380506,306.2262576016884,306.28949987001374,306.34540241667054,306.394088825894,306.4356655926701,306.47022003957727,306.49781889163864,306.51850724679366,306.5323077808885,306.5392200847775,0.0,1.0367164145445673,2.128808431412896,3.220795522466916,4.312684693560223,5.404477248423962,6.496170904582773,7.587772855299103,8.67928218313605,9.770698322771784,10.862027974121917,11.953268311251934,13.044420876500714,14.135490972234225,15.226474660186126,16.31737559923256,17.408196914708686,18.49893463392396,19.589594038933445,20.680175666306727,21.77067661627137,22.86110286862565,23.951452470276283,25.041724462475063,26.13192436841652,27.22204836940007,28.312097852220727,29.4020767736271,30.49198047984549,31.58181252535891,32.671574505318,33.76126214146842,34.85088042070197,35.94042829402751,37.02990296524433,38.11930972917192,39.20864519962817,40.29790879131542,41.38710486337508,42.47622852519963,43.56528156213837,44.65426633684035,45.74317762042231,46.832019105601,47.92079053720138,49.00948756732075,50.09811481319283,51.1866693686414,52.2751487349014,53.36355718756176,54.45188973029378
225015440,0.951747483920954,51,0.705572288814305,191.27705252158017,0.6867844284963991,7.205342294095271e-07,0.0132681415585736,4.339684862251277,5.597170237603756,3.789945788961113,0.6330563716620118,1.8500925207020469,992.8812077635,940.2378075914328,0.2392663634053224,34.40626609751306,317.13394295916544,53109.72687519616,0.4810160002314031,481.0160002314031,3.044910362147965,307.47656228401985,0.2125452283143716,0.4056129756734595,277.0525779621619,205.13427332682156,3.0441783760996803,3.0434460216991126,3.0427133204952783,3.0419802239060587,3.0412464703943383,3.040508841254767,3.0397508246472675,3.0389150691636413,3.037961439236149,3.036864610282336,3.035599994359512,3.0341405078349446,3.032455359078451,3.03050920342894,3.0282613292239318,3.025664775883406,3.0226653396154086,3.019200436384679,3.0151977944631265,3.01057394753406,3.005232496117619,2.999062100706864,2.9919341646459228,2.9837001584501546,2.974188529884385,2.963201135550855,2.9505091198290243,2.935848155557176,2.918912947619148,2.89935088533033,2.876754711896512,2.850654058893661,2.8205056702846405,2.7856821134974687,2.7454587440387948,2.6989986544695554,2.64533529779216,2.583352428944298,2.511760956022681,2.429072235760629,2.333567288520631,2.223261355327502,2.095863198533935,1.9487286354779183,1.7788082488481478,1.582591037176214,1.3560536812179094,1.0946689205078857,0.7939000849529964,0.4574822005648448,0.2125452283143716,4.332251320198511,4.33225064619063,4.33224978479526,4.3322484374804695,4.33224447057993,4.332208238425796,4.332006473926544,4.331229694675461,4.330050734619679,4.328618258515586,4.326939744970289,4.324990257366557,4.322732711611419,4.320121563386397,4.317103122671044,4.313614875329415,4.309584359382178,4.304927737246126,4.299548090894785,4.293333426525323,4.286154356692769,4.277861416111479,4.268281957506188,4.257216564144137,4.244434905136414,4.229670947766219,4.212617427617307,4.192919461799347,4.170167172752822,4.143887169583508,4.11353271020056,4.078472340229308,4.037976773193346,3.991203740193447,3.93718049556394,3.874783617012088,3.802715683763177,3.7194783535219407,3.6233412881584575,3.512306299235511,3.3840660001275604,3.2359561691720398,3.064900970398681,2.8673502113440787,2.6392081546617745,2.375754819234804,2.071566597580369,1.7204724715695825,1.3157942269697718,0.8541193089681061,0.4056129756734595,307.2732819618895,306.86108948308083,306.4389274134119,306.0065653323263,305.56376716630774,305.11029117631966,304.64589110209766,304.1703216830743,303.68335589169334,303.18477805601555,302.67437784847687,302.151950076755,301.6172958290077,301.070224150035,300.51055410398686,299.9381172177302,299.352760340405,298.7543489739569,298.1427711431313,297.51794188622574,296.8798084615011,296.22835637933144,295.5636163874498,294.8856725564666,294.1946716356516,293.4908338752685,292.7744655420877,292.0459733897122,291.3058813857542,290.5548500445352,289.7936987678085,289.0234316581313,288.24526734120883,287.4606734162736,286.6714062490118,285.87955693163565,285.0876043615915,284.2984765365294,283.515621331201,282.74308821467474,281.98562258618136,281.24877465641146,280.5390250759401,279.8639298008016,279.2322869418433,278.6543284154506,278.1419385242339,277.7088975862687,277.3711263350464,277.1467280789184,277.0525779621619,0.0,4.099573674847896,8.237718635397524,12.374009760028056,16.508596221596616,20.64160647211515,24.77315102795159,28.903324368109537,33.03220663952469,37.159865406729296,41.28635765066943,45.41173221369807,49.53603228934902,53.65929693209759,57.78156113558019,61.902855150911535,66.02320387106826,70.14262660264474,74.26113732065521,78.37874555279083,82.4954577938175,86.61127869603305,90.72621117632666,94.84025548936428,98.9534080084481,103.0656602407954,107.17699822190691,111.2874023875575,115.3968480153536,119.5053058944298,123.61274232002094,127.719117797889,131.8243847695436,135.9284849743986,140.03134668119145,144.13288171762497,148.23298217920407,152.3315164647874,156.428323538082,160.52320360780183,164.61590342701737,168.70609421037932,172.79333829286634,176.87703648750923,180.95634003289447,185.02999320372277,189.0960282632653,193.15111168356637,197.18895255253744,201.19573312689323,205.13427332682156
557188699,0.8552541215883811,51,0.2203314193905841,484.5946612190927,0.4662894776146141,1.4981440612661078e-06,0.0483292050041684,4.345580005564191,0.2258621294535365,0.3720971999720278,0.2160870363372624,1.0413050284971006,963.5158234550872,987.8548894236332,0.4747272295424883,34.65267694920918,304.5401700451542,39965.2223205927,0.1475192462655083,147.51924626550837,1.8540008545897768,306.9615107546506,0.0,0.0,304.6822910462835,21.904546012876065,1.6947148026298964,0.8681599849004296,0.0224554840019767,0.0,0.0,0.0,0.0,0.0,0.0,0.0,0.0,0.0,0.0,0.0,0.0,0.0,0.0,0.0,0.0,0.0,0.0,0.0,0.0,0.0,0.0,0.0,0.0,0.0,0.0,0.0,0.0,0.0,0.0,0.0,0.0,0.0,0.0,0.0,0.0,0.0,0.0,0.0,0.0,0.0,0.0,0.0,0.0,0.0,0.0,0.0,0.0,1.747878193900814,1.3218249469765555,0.3167247990947378,0.0029535109059254,0.0,0.0,0.0,0.0,0.0,0.0,7.0358949670775264e-09,0.0,0.0,7.033671652899897e-09,0.0,0.0,0.0,0.0,0.0,0.0,7.034366291522631e-09,0.0,7.035378439497729e-09,0.0,0.0,7.033391963693083e-09,0.0,7.031863523336989e-09,0.0,0.0,7.032377470412843e-09,0.0,0.0,7.034978558728845e-09,0.0,0.0,7.0357596047835354e-09,0.0,0.0,7.027257699145653e-09,0.0,7.010610826305102e-09,0.0,7.034980518430541e-09,0.0,0.0,0.0,0.0,7.035105307206341e-09,0.0,0.0,306.67741321893675,306.1512964812464,305.8737193349553,305.85710837504007,305.8442913365388,305.82842446573886,305.80969139528804,305.78828457566584,305.7644035424036,305.7382532034774,305.71004217520914,305.6799811834414,305.64828153008074,305.6151536608145,305.5808058089867,305.5454427335381,305.509264573107,305.4724657870953,305.4352342102408,305.3977502137299,305.36018597579647,305.32270486487704,305.28546092454786,305.2485984892723,305.2122518852748,305.1765452664296,305.14159254270794,305.1074974129679,305.07435351919924,305.04224467491497,305.0112452144974,304.9814204179726,304.95282701998696,304.9255138152124,304.89952232354943,304.8748875211491,304.85163864829946,304.82980005652735,304.80939210008256,304.7904320821406,304.77293521748726,304.7569156163651,304.7423873013781,304.7293652054609,304.7178661954365,304.7079100584622,304.69952049490865,304.6927260658428,304.68756111118785,304.6840666219247,304.6822910462835,0.0,0.4382536748181201,0.8765456216296754,1.3148294567229106,1.7531041466168862,2.191368690124858,2.62962216473106,3.067863764733319,3.5060928376235987,3.9443089153660216,4.382511737385331,4.820701262712986,5.258877669786264,5.697041343687866,6.135192851921347,6.573332910915519,7.011462346174741,7.449582049273886,7.887692934765657,8.32579589962695,8.763891787253092,9.201981357346886,9.640065262443796,10.078144031326982,10.516218059237318,10.954287618638668,11.3923528660595,11.830413823318548,12.268470409019647,12.706522458787749,13.144569749206092,13.582612024943217,14.02064902762985,14.4586805249689,14.89670633836604,15.33472636728063,15.772740608574283,16.210749169405823,16.648752272678163,17.08675025463645,17.524743554869794,17.962732699588813,18.400718279553555,18.838700924352707,19.27668127486243,19.714659955654923,20.15263754892343,20.59061457119784,21.02859145379783,21.466568527656484,21.904546012876065
