seed,L,Nz,eps,rho_B,u,D_ax,kL,qmax,b,n,lam_z,rho_g,cp_g,cp_s,D_col,h_w,T_wall,dH,dt,t_end,C_in,T_in,C_out_final,q_out_final,T_out_final,N_ads_final,C_z0,C_z1,C_z2,C_z3,C_z4,C_z5,C_z6,C_z7,C_z8,C_z9,C_z10,C_z11,C_z12,C_z13,C_z14,C_z15,C_z16,C_z17,C_z18,C_z19,C_z20,C_z21,C_z22,C_z23,C_z24,C_z25,C_z26,C_z27,C_z28,C_z29,C_z30,C_z31,C_z32,C_z33,C_z34,C_z35,C_z36,C_z37,C_z38,C_z39,C_z40,C_z41,C_z42,C_z43,C_z44,C_z45,C_z46,C_z47,C_z48,C_z49,C_z50,q_z0,q_z1,q_z2,q_z3,q_z4,q_z5,q_z6,q_z7,q_z8,q_z9,q_z10,q_z11,q_z12,q_z13,q_z14,q_z15,q_z16,q_z17,q_z18,q_z19,q_z20,q_z21,q_z22,q_z23,q_z24,q_z25,q_z26,q_z27,q_z28,q_z29,q_z30,q_z31,q_z32,q_z33,q_z34,q_z35,q_z36,q_z37,q_z38,q_z39,q_z40,q_z41,q_z42,q_z43,q_z44,q_z45,q_z46,q_z47,q_z48,q_z49,q_z50,T_z0,T_z1,T_z2,T_z3,T_z4,T_z5,T_z6,T_z7,T_z8,T_z9,T_z10,T_z11,T_z12,T_z13,T_z14,T_z15,T_z16,T_z17,T_z18,T_z19,T_z20,T_z21,T_z22,T_z23,T_z24,T_z25,T_z26,T_z27,T_z28,T_z29,T_z30,T_z31,T_z32,T_z33,T_z34,T_z35,T_z36,T_z37,T_z38,T_z39,T_z40,T_z41,T_z42,T_z43,T_z44,T_z45,T_z46,T_z47,T_z48,T_z49,T_z50,Qtot_t0,Qtot_t1,Qtot_t2,Qtot_t3,Qtot_t4,Qtot_t5,Qtot_t6,Qtot_t7,Qtot_t8,Qtot_t9,Qtot_t10,Qtot_t11,Qtot_t12,Qtot_t13,Qtot_t14,Qtot_t15,Qtot_t16,Qtot_t17,Qtot_t18,Qtot_t19,Qtot_t20,Qtot_t21,Qtot_t22,Qtot_t23,Qtot_t24,Qtot_t25,Qtot_t26,Qtot_t27,Qtot_t28,Qtot_t29,Qtot_t30,Qtot_t31,Qtot_t32,Qtot_t33,Qtot_t34,Qtot_t35,Qtot_t36,Qtot_t37,Qtot_t38,Qtot_t39,Qtot_t40,Qtot_t41,Qtot_t42,Qtot_t43,Qtot_t44,Qtot_t45,Qtot_t46,Qtot_t47,Qtot_t48,Qtot_t49,Qtot_t50
166033364,0.3434663172658754,51,0.4516752625256007,81.04844255326844,0.7918977294155034,2.0222545136279726e-06,0.0301084815679533,0.1918971748788591,4.502235216849932,9.581762416830829,0.6033222779896206,1.7291275573455964,887.2351498883066,1115.9739175643094,0.0600582192899072,49.36008200064593,315.57746884452155,41990.6645802577,0.0605488863398417,60.54888633984174,2.93717750852508,304.75264929332684,2.8622984216609,0.1605903639017734,306.33376672572007,2.503222505288881,2.9357249317719973,2.9342714356032897,2.9328175597164945,2.931363304012406,2.9299086683917666,2.9284536527552167,2.92699825700304,2.925542481034248,2.9240863247427638,2.922629788002031,2.9211728706006377,2.9197155719699204,2.9182578899959037,2.916799815720692,2.915341309533282,2.913882203563895,2.912421975910973,2.910960041272381,2.9094967051239555,2.9080325635799285,2.9065679048451742,2.9051028182949863,2.903637311419692,2.902171318017376,2.9007046136687684,2.899236825227636,2.897767885972406,2.8962981111561787,2.8948277643582374,2.893356953099868,2.8918856791929635,2.890413829798908,2.8889411266752463,2.8874673086687,2.8859924751082944,2.8845169087655678,2.8830407962792477,2.8815641942988472,2.88008704000251,2.878609123329072,2.877130181219221,2.8756501954641336,2.8741693885491757,2.8726879655235704,2.8712060133241857,2.869723494173163,2.8682402324259466,2.866755995731886,2.865270737464624,2.863784631843061,2.8622984216609,0.1608990992487328,0.1608990992486872,0.1608990992485976,0.1608990992483464,0.1608990992474776,0.1608990992442368,0.1608990992317895,0.1608990991832023,0.1608990989908833,0.1608990982182398,0.1608990950610611,0.1608990819045161,0.1608990258320399,0.1608987810478583,0.1608976944802467,0.1608930321073244,0.1608772403070849,0.160848961947526,0.160827207247612,0.1608181791887445,0.1608153052186821,0.1608143413491686,0.1608135402318084,0.1608113304816106,0.160804337282504,0.1607893856087624,0.1607730136341417,0.1607633735055982,0.1607593619760301,0.1607576481342407,0.160755976440362,0.16075190154683,0.1607418942226741,0.1607263178380515,0.1607128651154068,0.1607054509294491,0.1607020232628788,0.1606998080439944,0.1606962565963463,0.160688227592934,0.1606745892813542,0.1606605663381979,0.160651295441328,0.1606464041938935,0.1606433719185337,0.1606395378004241,0.1606319604222573,0.1606194291729464,0.1606059069640706,0.1605961024022489,0.1605903639017734,304.78276171578494,304.84161125678474,304.8993553662487,304.95599464379274,305.0115294944771,305.0659601270097,305.1192865518995,305.17150857955767,305.2226258183477,305.27263767258256,305.32154334047,305.3693418120103,305.41603186686945,305.4616120723281,305.50608078176487,305.54943613573823,305.59167607391134,305.6327983722235,305.67280064798973,305.7116802586105,305.749434266232,305.78605946878497,305.82155241909703,305.85590943109446,305.88912658509804,305.9211997425471,305.952124559769,305.9818964510909,306.01051054314314,306.037961677056,306.0642444222668,306.089353084789,306.1132817165017,306.1360241301374,306.1575738940249,306.17792428844945,306.1970682813049,306.2149985346493,306.23170741503844,306.24718700272666,306.26142910399443,306.2744252530385,306.2861666806213,306.2966442828426,306.3058486183571,306.31376991673096,306.3203980875509,306.325722731025,306.32973313958,306.33241827239,306.33376672572007,0.0,0.0959163853531961,0.1994535744219651,0.2992837124598048,0.3955395268954467,0.488348993002327,0.5778355040203472,0.6641180352112485,0.7473113020401375,0.827525912693472,0.9048685151362872,0.9794419389041732,1.0513453318185275,1.1206742918068486,1.1875209940033244,1.2519743132987096,1.3141199425024153,1.3740405062739207,1.4318156709749794,1.487522250588666,1.5412343088460971,1.593023257696599,1.642957952252243,1.6911047823329883,1.737527760734126,1.7822886083334009,1.8254468361509515,1.867059824471165,1.90718289913166,1.9458694050808063,1.9831707773015863,2.0191366091961025,2.053814718521634,2.087251210965923,2.1194905414461984,2.1505755732134566,2.1805476348405626,2.2094465751699484,2.237310816293958,2.2641774046382874,2.290082060216426,2.315059224120588,2.339142104312281,2.362362719773381,2.384751943076425,2.4063395414307145,2.4271542162587907,2.4472236413559307,2.466574499683366,2.485232518844155,2.503222505288881
316855583,0.8412832084795241,51,0.4777470203497699,123.85650036597134,0.2045925477607015,9.767535617462785e-07,0.0472094308133769,1.394495255898842,0.2172511278761769,9.404960826066048,0.2472534149933637,1.418509308619229,891.7561619830927,1077.2151169871129,0.1066230455264857,23.870154613182123,309.13490523467465,45311.87716253514,0.2667701446351834,266.77014463518344,4.831696546838767,304.69854144186496,3.5830382728868297,0.1099355309260251,303.8802655560446,21.40529683512908,4.83142851875594,4.830436336020713,4.828044266770311,4.8233955868705,4.815524142651226,4.803456108766878,4.786332719977426,4.763538279911034,4.7348105008665815,4.700306479777395,4.660602713205177,4.61662347526554,4.569513580827802,4.520488522990624,4.470698388320391,4.421131308999907,4.372564973897277,4.32555995124737,4.280481118768312,4.237532990233903,4.196798137538113,4.158272260108481,4.121893046219536,4.0875622954032105,4.05516198181561,4.024565396701547,3.99564454624802,3.968274828726784,3.942337804674101,3.9177226711784687,3.894326881618832,3.8720562205132194,3.8508245457171326,3.830553340423221,3.811171168575625,3.7926130937507394,3.7748200988450527,3.7577385287632072,3.741319568349416,3.725518761385984,3.710295572436863,3.695612990847603,3.681437174785776,3.667737132452672,3.654484437273613,3.641652973817505,3.629218711299037,3.617159501709056,3.605454899855344,3.5940860036644,3.5830382728868297,0.8531183620737087,0.8517614783864924,0.8488313411142047,0.8435901470761257,0.8352883330992009,0.8232499165749275,0.8069620391937483,0.7861584221032552,0.7608821573704535,0.7315111045298291,0.698733001277029,0.6634688424574529,0.6267587884819781,0.5896372330900763,0.5530257682326167,0.5176637339147521,0.4840815025678445,0.4526091782812861,0.423407350714496,0.3965067329877647,0.3718471702703636,0.349310833896702,0.3287478211649315,0.309994443361493,0.2928854290551542,0.2772615027642245,0.2629736705615501,0.2498852818425752,0.2378726618602742,0.2268248745756938,0.2166429936935258,0.2072391278669754,0.1985353543767811,0.1904626539266391,0.1829598988655902,0.1759729214644999,0.1694536729926443,0.1633594748796314,0.1576523579093792,0.1522984826464191,0.1472676331381663,0.1425327757233364,0.1380696750955392,0.1338565603656862,0.1298738345805554,0.1261038218949046,0.1225305473085143,0.1191395445402359,0.1159176882065798,0.1128530472176981,0.1099355309260251,304.6694712181589,304.6073920500678,304.5410800589074,304.47079867907087,304.3970141483408,304.3204233776136,304.24195793553935,304.1627589922267,304.084121754171,304.00741335131545,303.93397448927345,303.86502036705696,303.80155781304285,303.744331916202,303.6938077110652,303.6501838946449,303.6134294346978,303.583331849605,303.5595473442119,303.5416461654084,303.5291498621056,303.5215596697947,303.5183767613262,303.5191157860999,303.52331325421136,303.5305321705311,303.54036406257364,303.5524292741823,303.5663761596181,303.5818796235216,303.59863930996664,303.61637764093655,303.6348378322712,303.6537819655168,303.6729891607573,303.69225387354487,303.71138432492387,303.73020106473246,303.74853566310003,303.7662295221303,303.7831327983391,303.799103425952,303.81400623128303,303.8277121288773,303.8400973907411,303.8510429807037,303.860433946696,303.8681588644491,303.8741093267921,303.8781794733541,303.8802655560446,0.0,0.4860512529064183,1.0656959998218494,1.6302217023466998,2.1819284344814824,2.722268128775222,3.2523629527069517,3.773109367113686,4.285241772938108,4.78937385482294,5.2860267236936895,5.775648800879606,6.258630300496551,6.73531404736091,7.206003732178419,7.670970327685588,8.130457155485963,8.58468394363328,9.033850116418296,9.478137491215016,9.917712511242229,10.352728110691046,10.783325285435168,11.209634425613384,11.631776453863978,12.049863803622236,12.464001264792184,12.87428671866269,13.280811779726385,13.683662358768556,14.082919158998608,14.478658114935126,14.870950782104591,15.259864684282364,15.64546362392405,16.027807960552327,16.406954861139084,16.78295852592343,17.155870392608303,17.525739321463114,17.892611763511326,18.256531913688693,18.61754185060942,18.975681664367027,19.330989573616733,19.6835020330327,20.033253832101384,20.380278186098355,20.72460681999831,21.06627004598174,21.40529683512908
484471599,0.8407188681306641,51,0.5508734370411301,229.9034916053052,0.6204334307656582,4.880720847669331e-07,0.0033179514401085,0.2048362900105384,0.866123082920812,0.8268857323407736,0.8194496531229236,1.9245474294286096,1060.0398493387795,947.7717104152956,0.3310036703156347,15.639250078106851,316.8631326344736,29387.469137474705,0.4272340050229738,427.2340050229738,3.828667809157801,311.1162177741838,3.758977286207216,0.1122545130064921,311.14731921579926,9.983838377610883,3.827310976521269,3.8259537391885,3.824596157191886,3.8232382272759673,3.821879946312248,3.820521311263709,3.819162319164061,3.8178029671052927,3.8164432522303327,3.8150831717287934,3.813722722834843,3.812361902826269,3.8110007090246647,3.809639138796303,3.8082771895531815,3.806914858754604,3.805552143908773,3.804189042574519,3.802825552362869,3.8014616709387767,3.80009739602263,3.798732725391308,3.797367656879708,3.796002188381358,3.794636317849303,3.7932700432964,3.791903362795874,3.790536274480976,3.789168776544957,3.7878008672405614,3.78643254487933,3.785063807830897,3.78369465452175,3.7823250834340394,3.780955093104388,3.77958468212234,3.778213849128598,3.7768425928135874,3.775470911915708,3.77409880521931,3.7727262715529872,3.77135330978773,3.7699799188349727,3.768606097644988,3.767231845204512,3.765857160535445,3.764482042692732,3.76310649076302,3.76173050386204,3.760354081137223,3.758977286207216,0.1132286735519279,0.1132109695758912,0.1131931647595965,0.1131752641026964,0.1131572709590655,0.1131391877372219,0.1131210162918059,0.113102758147777,0.1130844146339426,0.1130659869663599,0.113047476302815,0.1130288837795863,0.1130102105366349,0.1129914577348231,0.112972626567405,0.1129537182672882,0.1129347341110871,0.1129156754207023,0.112896543562941,0.1128773399475773,0.1128580660241652,0.1128387232778559,0.1128193132244504,0.1127998374048626,0.1127802973791951,0.1127606947205523,0.1127410310087524,0.1127213078240482,0.1127015267409687,0.1126816893223825,0.1126617971138525,0.1126418516383637,0.1126218543914627,0.1126018068368664,0.1125817104025507,0.112561566477346,0.1125413764080394,0.112521141496976,0.1125008630001491,0.11248054212575,0.1124601800331594,0.1124397778323374,0.1124193365835937,0.1123988572976796,0.1123783409361867,0.1123577884122016,0.1123372005911869,0.1123165782920604,0.1122959222884268,0.1122752333099946,0.1122545130064921,311.1168577471616,311.1180995792654,311.1193116806616,311.1204943846816,311.1216480195201,311.12277290800097,311.1238693673417,311.1249377089157,311.12597823801093,311.1269912535851,311.1279770480166,311.1289359068504,311.1298681085399,311.1307739241836,311.1316536172569,311.1325074433385,311.1333356498317,311.13413847568046,311.13491615108046,311.1356688971836,311.1363969257979,311.13710043908145,311.13777962923075,311.1384346781629,311.1390657571931,311.13967302670426,311.14025663581305,311.1408167220284,311.1413534109039,311.1418668156853,311.1423570369504,311.1428241622434,311.1432682657035,311.14368940768543,311.14408763437484,311.14446297739727,311.14481545341926,311.14514506374394,311.1454517938992,311.1457356132189,311.1459964744179,311.1462343131586,311.14644904761104,311.1466405780064,311.14680878618174,311.14695353511826,311.1470746684713,311.14717201009324,311.1472453635479,311.1472945116169,311.14731921579926,0.0,0.3503485268073889,0.7075580730556136,1.0548623844691736,1.3925359560058077,1.7208456849343352,2.0400510809601538,2.35040447056506,2.6521511951783925,2.945529804100441,3.230772242071484,3.5081040317053858,3.777744450909454,4.039906705426739,4.294798096633371,4.542620184720007,4.783568947383058,5.017834934148016,5.245603416443968,5.4670545335452045,5.682363434492726,5.891700416105456,6.095231057188023,6.293116349039107,6.485512822361554,6.672572670672736,6.854443870311038,7.031270297131658,7.203191839982519,7.370344511048557,7.532860553150289,7.690868544080253,7.844493498058609,7.993856964387068,8.139077123378058,8.280268879634013,8.4175439527497,8.551010965508308,8.68077552964039,8.806940329212583,8.929605201711425,9.04886721688566,9.16482075340879,9.277557573421907,9.387166895015165,9.493735462704734,9.59734761596044,9.698085355837904,9.796028409767318,9.891254294549832,9.983838377610883
232396625,0.547447144780038,51,0.2211786294041707,106.8782823439206,0.5612646033392862,1.9427387202963094e-06,0.0037907491109867,0.4165650943947161,0.2189772879058586,0.5239050383685778,0.6917855751232425,0.2314512841997595,879.6626191944171,1090.7947040500094,0.2765724147269899,42.30365000122076,309.5800089977726,42476.06580059728,0.363335398431484,363.33539843148407,4.709695733977045,300.87166662913813,4.612497821879073,0.1553135643723318,303.5572799074108,7.2581111697218175,4.707803239163759,4.705909669623147,4.704015620562647,4.702121089288606,4.7002260732510965,4.698330570009632,4.696434577210544,4.694538092571609,4.692641113870747,4.690743638938276,4.688845665650536,4.686947191925493,4.685048215718824,4.683148735021053,4.681248747855199,4.679348252274624,4.677447246361777,4.675545728226249,4.673643696004167,4.671741147857053,4.669838081970594,4.667934496554181,4.666030389840377,4.66412576008414,4.662220605562086,4.660314924572426,4.658408715434164,4.656501976486671,4.6545947060901645,4.6526869026237305,4.650778564486398,4.648869690096287,4.646960277890035,4.645050326323116,4.643139833869148,4.641228799019526,4.6393172202834405,4.637405096187111,4.635492425274665,4.633579206106101,4.63166543725855,4.6297511173255534,4.627836244916419,4.625920818656761,4.624004837187004,4.622088299163552,4.620171203257626,4.618253548155711,4.61633533255793,4.614416555371837,4.612497821879073,0.1569688619280057,0.156937490714807,0.1569060235589105,0.1568744659179076,0.156842821773011,0.1568110941509035,0.1567792854447852,0.1567473976138943,0.1567154323099221,0.1566833909593837,0.1566512748191345,0.1566190850151219,0.1565868225703074,0.1565544884253124,0.1565220834540002,0.1564896084754174,0.1564570642630616,0.1564244515521653,0.1563917710454679,0.1563590234178448,0.1563262093200436,0.1562933293817308,0.1562603842139714,0.1562273744112801,0.1561943005532939,0.156161163206162,0.1561279629236948,0.1560947002483108,0.1560613757118221,0.1560279898360868,0.1559945431335515,0.1559610361077069,0.1559274692534545,0.1558938430574206,0.1558601579982176,0.1558264145466531,0.1557926131659152,0.1557587543117151,0.1557248384324205,0.1556908659691548,0.1556568373558959,0.1556227530195525,0.1555886133800379,0.1555544188503346,0.1555201698365558,0.1554858667380015,0.1554515099472217,0.1554170998500673,0.1553826368257548,0.1553481212503409,0.1553135643723318,300.9274026542124,301.0356447771226,301.14118934375824,301.2440767337458,301.344346100009,301.442035379318,301.5371813023024,301.6298194029194,301.71998402737603,301.8077083424981,301.8930243435453,301.97596286146694,302.056553569597,302.1348249897813,302.21080449793686,302.2845183290358,302.3559915815101,302.4252482210759,302.4923110839636,302.5572018795574,302.61994119243286,302.6805484837879,302.7390420922574,302.79543923411177,302.8497560028226,302.9020073679928,302.952207173645,303.00036813585075,303.04650183970244,303.09061873561006,303.1327281349141,303.17283820480844,303.210955962558,303.2470872689987,303.2812368213143,303.3134081450695,303.34360358549344,303.37182429799384,303.39807023789405,303.4223401493747,303.444631553605,303.4649407360521,303.4832627329451,303.499591316886,303.5139189815829,303.52623692569387,303.53653503575623,303.5448018681887,303.5510246303444,303.5551891605922,303.5572799074108,0.0,0.2534663151563238,0.5089439946152183,0.7575577157247255,0.9994917756039342,1.2349255294250532,1.4640335225545322,1.6869856191973962,1.9039471276208848,2.1150789220471355,2.320537561302339,2.5204754043076103,2.715040722494591,2.904377809226764,3.088627086305327,3.2679252076364764,3.442405160134978,3.612196361936965,3.7774247579930567,3.9382129131110113,4.094680102515371,4.246942399989807,4.395112763666143,4.539301119522414,4.679614442650657,4.816156836353586,4.949029609127733,5.078331349589144,5.2041579993962825,5.326602924223278,5.44575698283541,5.561708594317185,5.674543803502208,5.78434634465262,5.891197703434735,5.995177177236192,6.096361933868778,6.194827068699984,6.290645660255056,6.383888824330397,6.474625766657929,6.562923834159117,6.64884856482624,6.7324637362675,6.813831412951708,6.893011992187157,6.970064248868551,7.04504537902483,7.118011042199973,7.189015402697895,7.2581111697218175
57374036,0.1388406985498471,51,0.765721850718855,257.1494657783247,0.8590235776828665,1.07269583047759e-07,0.0321954695655216,0.3047326086837837,5.819245760577952,1.7425355583165236,0.2964979607576091,1.754694801734876,1198.5161681806735,920.035197778485,0.3075461312192141,34.569899405104145,303.653655148682,30869.385055896288,0.4631853419629484,463.1853419629485,0.7604727382311285,312.8204440160144,0.7604724480276536,0.2835016420146645,312.7628635384089,2.41874501311369,0.7604727348522025,0.7604727313983107,0.7604727278687069,0.760472724262481,0.7604727205787108,0.7604727168164623,0.7604727129747889,0.7604727090527308,0.7604727050493157,0.7604727009635575,0.7604726967944563,0.7604726925409981,0.7604726882021546,0.760472683776882,0.7604726792641219,0.7604726746627998,0.7604726699718248,0.7604726651900902,0.7604726603164716,0.7604726553498273,0.7604726502889979,0.7604726451328049,0.7604726398800513,0.7604726345295205,0.7604726290799759,0.76047262353016,0.7604726178787942,0.7604726121245785,0.7604726062661904,0.7604726003022839,0.7604725942314905,0.7604725880524166,0.7604725817636446,0.760472575363731,0.7604725688512066,0.7604725622245756,0.7604725554823151,0.7604725486228742,0.760472541644674,0.7604725345461065,0.760472527325534,0.7604725199812898,0.7604725125116756,0.7604725049149623,0.7604724971893901,0.7604724893331668,0.7604724813444672,0.7604724732214341,0.7604724649621767,0.7604724565647706,0.7604724480276536,0.2835018017644431,0.2835017994778074,0.283501797162247,0.2835017948173911,0.2835017924428593,0.2835017900382637,0.2835017876032054,0.2835017851372775,0.2835017826400637,0.2835017801111364,0.2835017775500584,0.283501774956382,0.2835017723296473,0.2835017696693832,0.2835017669751075,0.2835017642463236,0.2835017614825243,0.2835017586831879,0.2835017558477787,0.283501752975748,0.2835017500665321,0.2835017471195507,0.2835017441342108,0.2835017411099012,0.2835017380459956,0.2835017349418506,0.2835017317968057,0.2835017286101836,0.283501725381289,0.2835017221094071,0.2835017187938073,0.2835017154337397,0.2835017120284356,0.2835017085771079,0.2835017050789508,0.2835017015331412,0.2835016979388362,0.2835016942951768,0.2835016906012844,0.2835016868562638,0.2835016830592034,0.2835016792091744,0.2835016753052311,0.2835016713464146,0.2835016673317488,0.2835016632602433,0.2835016591308935,0.2835016549426806,0.2835016506945709,0.2835016463855191,0.2835016420146645,312.8193813109119,312.8172983128396,312.81524950699264,312.81323515706754,312.81125552907395,312.8093108913547,312.8074015146061,312.80552767189835,312.8036896386961,312.8018876928793,312.8001221147643,312.7983931871248,312.7967011952132,312.79504642678233,312.79342917210704,312.7918497240061,312.7903083778643,312.7888054316547,312.7873411859611,312.7859159440009,312.78453001164786,312.783183697455,312.7818773126781,312.7806111712991,312.77938559004974,312.7782008884356,312.7770573887599,312.77595541614807,312.7748952985722,312.7738773668756,312.772901954798,312.7719693990005,312.7710800390912,312.7702342176503,312.7694322802565,312.7686745755128,312.7679614550725,312.7672932736662,312.7666703891282,312.76609316242354,312.7655619576751,312.7650771421914,312.76463908649373,312.7642481643444,312.76390475277486,312.76360923211405,312.76336198601706,312.763163401494,312.76301386893914,312.7629137821604,312.7628635384089,0.0,0.5816832376573284,1.0306930899714577,1.3722037968291456,1.6307509959211566,1.825954324025073,1.9730777406090456,2.083835557819475,2.1671498057267846,2.229784675071578,2.27685334372647,2.3122133673276544,2.338771068025714,2.3587139928595264,2.3736875313939403,2.384928648957783,2.3933669108157702,2.399700671422325,2.4044544658835574,2.408022204192645,2.410699659419917,2.4127088919234407,2.414216604468695,2.4153479324230043,2.416196802189856,2.4168337105422566,2.417311566218366,2.41767007595903,2.4179390373662457,2.418140810853516,2.4182921752141326,2.418405720419109,2.41849089300118,2.4185547806437007,2.4186027010087567,2.418638643629192,2.418665601517347,2.418685820004169,2.418700983460912,2.418712355404527,2.418720883621016,2.4187272790384027,2.4187320749022563,2.418735671171415,2.4187383678242167,2.418740389844426,2.418741905964756,2.4187430427270966,2.4187438950293108,2.4187445340362723,2.41874501311369
530273890,0.1946094396342508,51,0.3764363383123109,281.57293531105086,0.9555518655125445,1.76786925429073e-07,0.0221354278925609,0.3681142643661172,2.216583551288505,0.9571893794086932,0.9811326854088416,0.3883222726227788,1108.2864891766892,1161.4846801431763,0.4133016782684655,29.68927000602532,311.1189910327098,27696.45349723798,0.1555279183441067,155.52791834410678,0.676520747742192,304.34127968520147,0.6365754801274797,0.1972236302557834,304.3024132352129,7.161075594867929,0.6760379056965932,0.6755450538052225,0.6750421110352645,0.6745289717818965,0.674005528797589,0.6734716731734408,0.672927294322588,0.6723722799655674,0.6718065161175482,0.6712298870773705,0.6706422754183525,0.670043561980833,0.6694336258664388,0.6688123444340617,0.6681795932975446,0.6675352463250718,0.666879175640266,0.6662112516249952,0.6655313429238959,0.6648393164506203,0.664135037395823,0.6634183692369049,0.6626891737495406,0.6619473110210218,0.6611926394654574,0.6604250158408781,0.6596442952683044,0.6588503312528358,0.6580429757068343,0.6572220789752664,0.6563874898632769,0.6555390556660591,0.654676622201083,0.6538000338427268,0.6529091335593551,0.6520037629528579,0.6510837623006567,0.650148970600159,0.6491992256156195,0.6482343639273501,0.6472542209831904,0.646258631152137,0.6452474277800064,0.6442204432469857,0.6431775090269144,0.6421184557481243,0.641043113255653,0.6399513106746406,0.6388428764747124,0.637717638537847,0.6365754801274797,0.2120880440661538,0.2118787110974547,0.2116665217956478,0.2114514354567768,0.2112334107357727,0.2110124056731681,0.2107883777195826,0.2105612837585523,0.2103310801281853,0.2100977226419953,0.2098611666091982,0.2096213668546742,0.2093782777387419,0.2091318531768551,0.2088820466592744,0.2086288112707839,0.2083720997104602,0.2081118643115572,0.2078480570615153,0.2075806296221591,0.2073095333501434,0.2070347193177276,0.2067561383339663,0.2064737409664443,0.2061874775636565,0.2058972982781609,0.2056031530906289,0.2053049918348787,0.2050027642239762,0.2046964198774495,0.2043859083496181,0.2040711791589898,0.2037521818186391,0.20342886586743,0.2031011809018765,0.2027690766084233,0.2024325027958557,0.2020914094275507,0.2017457466532312,0.2013954648398895,0.2010405146015467,0.2006808468275147,0.2003164127088432,0.199947163762669,0.1995730518542109,0.199194029216173,0.1988100484653872,0.1984210626165412,0.1980270250928996,0.1976278897348728,0.1972236302557834,304.3408967038733,304.3401041777159,304.33928527872945,304.3384416506631,304.3375749439111,304.3366868153694,304.33577892829425,304.3348529521612,304.3339105625252,304.33295344088185,304.3319832745281,304.3310017564249,304.33001058505874,304.3290114643046,304.3280061032879,304.3269962162473,304.3259835223967,304.32496974578703,304.3239566151677,304.3229458638474,304.32193922955406,304.32093845429426,304.3199452842111,304.3189614694415,304.3179887639718,304.31702892549225,304.31608371524965,304.3151548978983,304.3142442413496,304.3133535166183,304.3124844976681,304.31163896125406,304.31081868676176,304.3100254560451,304.30926105326006,304.3085272646957,304.3078258786018,304.30715868501267,304.3065274755673,304.3059340433262,304.3053801825828,304.3048676886717,304.304398357772,304.30397398670584,304.30359637273256,304.30326731333747,304.3029886060162,304.3027620480534,304.3025894362967,304.30247256692525,304.3024132352129,0.0,0.3609966574418197,0.7173620989304872,1.0595490704840087,1.3876953317640508,1.7020051999147792,2.002738082696607,2.2901981720692604,2.5647253068202724,2.8266869631355847,3.076471301504922,3.314481181887894,3.5411290523602394,3.756832616216944,3.962011186311933,4.157082641554434,4.342460907793558,4.518553893036119,4.6857618145707125,4.84447586282218,4.995077153475121,5.13793592551057,5.27341094827956,5.401849105607905,5.523585129225359,5.638941457585537,5.748228199441754,5.85174318441855,5.949772085317926,6.042588599067984,6.13045467510074,6.213620781572609,6.292326201247249,6.3667993500759605,6.437258112560058,6.503910188885388,6.566953449600055,6.626576294279674,6.682958011204335,6.736269135570388,6.786671804189487,6.834320104995838,6.879360419999034,6.921931760590871,6.962166094346418,7.000188662657624,7.036118288706363,7.070067675427154,7.102143693231163,7.132447657365503,7.161075594867929
393027876,0.6257724405280997,51,0.2876607425699888,106.9416186668214,0.1539957485325591,1.2140978456801125e-07,0.001569267759269,6.863939483805466,1.4828660326373684,2.619920337572716,0.8951067969817363,0.7319863949556833,961.2515575959062,1097.3662343650262,0.0546244796806364,15.490702939492174,314.1069852870894,52460.14950195297,0.3919686019488274,391.9686019488274,2.502771428893976,312.63854877454384,0.1075768574429655,0.0189186279908795,312.3599033137647,29.766714217370776,2.3331238754652355,2.164164289923356,1.9958399778844935,1.827950197508972,1.6601374216657765,1.4920717581880312,1.324141869401969,1.1585518706880578,0.9999752387412346,0.8547631199370607,0.7285723874237865,0.6239675215162905,0.5399766856817246,0.4734838871209609,0.4208463365968126,0.378814481472552,0.3448130564402058,0.3169069212724065,0.2936711982359555,0.2740599075803268,0.2573005993977825,0.2428167968772155,0.2301728480528045,0.2190351507722527,0.2091448781897513,0.2002986681846806,0.1923348182811573,0.1851233051775185,0.1785584835982874,0.1725536814127084,0.1670371517371562,0.1619490071593165,0.1572388728115743,0.1528640713955321,0.1487882060365911,0.1449800436907784,0.14141262781365,0.1380625675214174,0.1349094638070467,0.1319354430666936,0.1291247753052609,0.1264635596581355,0.1239394638020839,0.1215415067934432,0.11925987712346,0.1170857795036248,0.1150113052219019,0.1130293219415017,0.1111333796191751,0.1093176298592896,0.1075768574429655,3.030346619539497,2.99235189096103,2.9371889305061147,2.855609574913657,2.734607636665866,2.5597666572149613,2.3238493005718164,2.035666246215241,1.7191349741750874,1.4045279010151988,1.119056007316119,0.8795651705470177,0.6901509298734361,0.5456075350238071,0.4369532702411055,0.355298961258029,0.2934073662647102,0.2458802609624488,0.208841118479721,0.1795403767898528,0.156025548476827,0.1368987264402904,0.1211472938747294,0.1080279946084168,0.0969878221258916,0.087609781451088,0.0795753697394533,0.0726383323925228,0.0666060833903963,0.0613263884052332,0.0566777028033188,0.0525620778733458,0.048899893053965,0.0456259015021094,0.0426862308821704,0.0400360863967168,0.0376379753920656,0.0354603231472612,0.0334763847818689,0.0316633832986821,0.0300018217621393,0.0284749306338971,0.0270682208007924,0.0257691198433339,0.0245666743059242,0.0234513046364579,0.0224146024127644,0.021449161717248,0.0205484382399132,0.0197066310182696,0.0189186279908795,312.5971030141451,312.5215302365102,312.453148159703,312.3919223481511,312.3378292951396,312.29086372118184,312.25103739997314,312.2183461158507,312.19268593467785,312.1737390951783,312.16089611982085,312.1532871078889,312.14992366462155,312.1498615692084,312.1522995372088,312.15660357862475,312.16228899091493,312.1689893885638,312.1764272830763,312.1843906249553,312.19271538188326,312.2012729600248,312.20996119064955,312.2186978521752,312.227415975007,312.2360604004923,312.2445852278686,312.252951896094,312.2611277247195,312.269084790611,312.27679905332883,312.28424966676505,312.2914184318703,312.29828935740966,312.30484830427645,312.31108269506285,312.3169812750568,312.32253391411496,312.32773144128714,312.3325655058821,312.33702846003274,312.34111325886033,312.3448133751349,312.34812272594905,312.35103560940183,312.3535466496687,312.3556507491316,312.3573430464811,312.35861887989245,312.3594737545308,312.3599033137647,0.0,0.5643032154599343,1.1638245987720344,1.7631776014736047,2.362364205618217,2.961386282897117,3.560245617440088,4.158943911846537,4.75748279268007,5.355863815483241,5.954088469362225,6.552158181185191,7.150074319433175,7.747838197737714,8.345451078135659,8.942914174068227,9.54022865314832,10.137395639717624,10.734416217212644,11.331291430356842,11.928022287194322,12.524609760978771,13.121054791930236,13.717358288870766,14.31352113074919,14.909544168064006,15.505428224192723,16.10117409663512,16.696782558177166,17.292254357981836,17.887590222612317,18.48279085699285,19.077856945311712,19.672789151870766,20.26758812188522,20.86225448223737,21.456788842187542,22.051191794045085,22.64546391380232,23.23960576173386,23.83361788296367,24.427500808001955,25.02125505325394,25.61488112150225,26.20837950236463,26.8017506727285,27.394995097163942,27.988113228316173,28.58110550727904,29.17397236395042,29.766714217370776
312491994,0.995324974690596,51,0.2931697187185382,138.57287358509916,0.2524230001370949,3.783668609200689e-07,0.0061820846016191,1.833571622490744,0.2806636453037194,7.430412275974662,0.2000948485370259,1.3322411598081507,987.8074857784862,998.19296345754,0.2430711849479182,30.67951877463721,305.97301818974034,47173.1809857604,0.084730549769549,84.73054976954901,1.9913005264486887,300.40005896806315,1.8559183889188204,0.005091699914512,304.6866287853326,0.6920849056750227,1.98805385989458,1.9848344367169783,1.981642453582676,1.9784777848236577,1.975340259535284,1.9722296782226247,1.9691458217781184,1.9660884567059025,1.9630573385032084,1.9600522140521728,1.957072823425652,1.954118901315075,1.951190178196748,1.9482863813070408,1.9454072354712424,1.9425524638167384,1.9397217883920328,1.9369149307072984,1.9341316122088053,1.9313715546964283,1.928634480691818,1.925920113763602,1.923228178814543,1.9205584023351925,1.9179105126276024,1.9152842400024508,1.912679316952152,1.9100954783027173,1.907532461346206,1.904990005955958,1.902467854685968,1.8999657528563765,1.8974834486260563,1.895020693053702,1.8925772401485157,1.8901528469114277,1.8877472733678151,1.885360282592563,1.8829916407280936,1.8806411169960957,1.878308483703704,1.8759935162444372,1.873695993094521,1.8714156958051795,1.8691524089911573,1.866905920315704,1.86467602047299,1.862462503167352,1.8602651650905744,1.8580838059087723,1.8559183889188204,0.0096242475297176,0.0094699187514565,0.0093203748090848,0.0091751795879039,0.009034036956464,0.0088967228311069,0.008763052688034,0.0086328657214414,0.008506017118938,0.0083823739461962,0.0082618127257375,0.0081442178808513,0.0080294806590002,0.0079174983407369,0.0078081736294192,0.0077014141616412,0.0075971321020784,0.0074952437998099,0.0073956694909799,0.0072983330374189,0.0072031616940431,0.007110085899861,0.0070190390886122,0.0069299575160213,0.00684278010137,0.0067574482815569,0.0066739058761491,0.0065920989621994,0.0065119757578032,0.0064334865135281,0.0063565834109774,0.0062812204678455,0.0062073534489078,0.0061349397824537,0.0060639384817294,0.005994310071001,0.0059260165158937,0.0058590211576926,0.0057932886513249,0.0057287849067651,0.0056654770336324,0.0056033332887647,0.0055423230265757,0.0054824166520153,0.0054235855759684,0.0053658021729394,0.0053090397408831,0.0052532724630504,0.0051984753717298,0.0051446243140833,0.005091699914512,300.4641285040429,300.59047890070303,300.7165530866645,300.8422885913214,300.9676178354417,301.0924684444541,301.2167635743622,301.3404222497323,301.4633597120709,301.58548777626794,301.70671519247014,301.82694801055464,301.94608994424374,302.0640427318723,302.1807064907709,302.2959800622441,302.40976134418,302.52194760840234,302.63243579998107,302.7411228158613,302.8479057603183,302.95268217497,303.05535024126976,303.1558089536413,303.2539582617034,303.3496991802801,303.442933866204,303.5335656612253,303.6214991006859,303.70663988787425,303.788894834397,303.8681717671931,303.94437940314253,304.0174271925894,304.0872251333771,304.15368355738,304.2167128917088,304.27622339718624,304.332124886836,304.3843264274525,304.43273602753146,304.4772603149796,304.5178042082958,304.55427058494627,304.58655995083933,304.6145701148422,304.63819587232905,304.65732870173235,304.6718564780737,304.68166320732,304.6866287853326,0.0,0.0030719740804814,0.0128878617437684,0.0279714255602596,0.0445706168685817,0.0610534506298951,0.0774164809021989,0.0936606762798198,0.1097869970174507,0.1257963938628772,0.1416898081757165,0.157468172044482,0.1731324084019377,0.1886834311387635,0.2041221452155624,0.2194494466231161,0.2346662229418876,0.2497733530033269,0.2647717071332269,0.2796621472654521,0.2944455270424195,0.3091226919161303,0.3236944792477874,0.3381617184059676,0.3525252308633749,0.3667858302921943,0.3809443226580717,0.3950015063127357,0.4089581720852884,0.4228151033721822,0.4365730762259032,0.4502328594423838,0.4637952146471621,0.477260896380308,0.4906306521801368,0.5039052226657262,0.5170853416182598,0.5301717360612103,0.5431651263393846,0.5560662261968482,0.5688757428537417,0.5815943770820139,0.5942228232800834,0.6067617695464469,0.6192118977522506,0.6315738836128408,0.6438483967583112,0.6560361008030575,0.668137653414363,0.6801537063800221,0.6920849056750227
550392498,0.7648292300872962,51,0.3549314453852429,103.0425924292793,0.6520495595423517,9.756625510203044e-06,0.0277112480383395,0.4104084301885682,3.202687758305047,0.2802293384924585,0.931548157972786,1.2551351968171534,1083.166473995293,1188.8075365483453,0.3818244238793963,23.30275400853436,302.6028919632521,50547.605230723246,0.2018991688058002,201.8991688058003,3.1807525301681987,301.68707138356126,3.168841093464359,0.2681110285771789,301.6582726355034,13.918753749423823,3.180563126245058,3.1803720534004123,3.180179485318579,3.1799854104606857,3.179789817097213,3.179592693264356,3.179394026725074,3.179193804932614,3.17899201847461,3.178791950514672,3.1786074885461395,3.1784000135339268,3.1781906830721125,3.177979725672597,3.1777671269289285,3.1775528717553,3.177336944405795,3.1771193283060595,3.1769000070923474,3.1766801815449632,3.1764596339345275,3.1762344307937966,3.176007464519063,3.1757787308166434,3.175548210741312,3.1753158838745037,3.17508172771754,3.174845728491519,3.174609005813992,3.1743687999213024,3.1741265603208397,3.173882422212689,3.173636361250568,3.173388349608087,3.173138353767947,3.1728864806076404,3.17263235785986,3.172375808852286,3.1721172264321327,3.1718565799050933,3.171593830003892,3.171328920729521,3.171061783415416,3.1707921499944693,3.1705203341729304,3.1702463149676667,3.1699700398053445,3.169691419951099,3.169410274277615,3.1691267067276327,3.168841093464359,0.2686781322105033,0.2686693694493642,0.2686605380889127,0.268651637373254,0.2686426662275968,0.2686336233446645,0.2686245072092973,0.2686153160936307,0.2686060495016947,0.2686141309076829,0.2686961405532953,0.2685731056012026,0.2685622739217552,0.2685526453934223,0.268542931564853,0.2685331287546742,0.2685232333805182,0.2685132409584956,0.2685031462086812,0.2684994175560318,0.2684945498202636,0.2684687817367431,0.2684583445593791,0.2684478750356999,0.2684372953644461,0.2684265976336641,0.2684157706468679,0.2684048547002222,0.2683998864196033,0.2683802557072562,0.2683683010868544,0.2683570532649919,0.2683456659376968,0.2683341205326138,0.2683223859674154,0.2683112098338063,0.2682980480847818,0.2682839343022101,0.2682718931063038,0.2682596780280622,0.2682472434851347,0.2682345005220595,0.26822138264654,0.2682068279886158,0.2681939253265479,0.268180899603912,0.2681675831959665,0.268153784353597,0.2681390106985138,0.2681247732314447,0.2681110285771789,301.68677362889605,301.68616104258405,301.6855294823538,301.6848802155528,301.6842145188247,301.6835336774173,301.682838984482,301.6821317403664,301.6814132518996,301.6806848316321,301.67994733313725,301.6791996397243,301.6784460748484,301.6776880023405,301.6769267539095,301.67616366229083,301.6754000604868,301.67463728099466,301.67387665504856,301.67311951187367,301.6723670055632,301.671620312526,301.67088115705553,301.6701508505437,301.6694306958802,301.66872198856714,301.66802601598334,301.66734405673003,301.666677378602,301.66602707688287,301.66539462074866,301.6647812609107,301.6641882123022,301.66361667542475,301.6630678358541,301.66254286407985,301.6620428946136,301.66156909256574,301.6611226255518,301.6607045823221,301.66031603103585,301.6599580194726,301.65963157640965,301.65933771241873,301.6590774471775,301.65885172650803,301.65866146819536,301.6585075654375,301.6583908909772,301.6583123092839,301.6582726355034,0.0,1.243685907387462,2.5240995755498257,3.678835227262011,4.719346901938433,5.656349560321502,6.499737963650968,7.25857976343937,7.941143752641402,8.554944854732252,9.10679639599024,9.602864574366611,10.048722326360153,10.449401057867233,10.809439431531496,11.132928831647318,11.423555384065187,11.684638562170347,11.919166500679903,12.129828190389269,12.319042753563442,12.48898601047474,12.641614548420453,12.7786874991635,12.90178622158576,13.01233207505027,13.111602456609992,13.200745262484771,13.280791921617062,13.352669136905517,13.417209458085145,13.475160799276722,13.527195004017086,13.573915551120756,13.61586448600299,13.653528654090216,13.687345305647046,13.717707134677754,13.744966807844596,13.76944103600205,13.791414232510602,13.811141800838875,13.828853088584284,13.84475404155916,13.859029588234955,13.871845781808844,13.883351724425308,13.893681295622232,13.902954704851284,13.911279885922678,13.918753749423823
770081406,0.1597125277059196,51,0.7147136552150437,426.28908062261,0.1152224566630808,5.012262450576754e-07,0.0848774570123009,0.4806761444310851,5.1026217298661525,0.2866193662350275,0.6824839159486037,1.2014925410537338,911.3752827260532,1136.0847475602866,0.3430369759095593,19.42093608537913,317.27676030838313,27919.765445695422,0.1303322003623545,130.3322003623545,0.8494328899534047,311.1104421327066,0.0,3.87977630739103e-07,310.9560414973876,2.588823413506462,0.8494219756633035,0.8494049742790756,0.8493790893303192,0.8493384645813942,0.849274968824784,0.8491767892562163,0.849026082274068,0.8487958696706795,0.8484453497529915,0.8479128053479384,0.8471048802553639,0.8458803743518319,0.8440257790212825,0.8412183973528399,0.836970875532454,0.8305480740709991,0.820843192008174,0.8061948883913573,0.7841214815723547,0.7509458188851134,0.701295679404284,0.6275316765877124,0.5194214796647421,0.3655391233688828,0.1645503404469789,0.0077433548666258,0.0,0.0,0.0,0.0,0.0,0.0,0.0,0.0,0.0,0.0,0.0,0.0,0.0,0.0,0.0,0.0,0.0,0.0,0.0,0.0,0.0,0.0,0.0,0.0,0.0,0.2901117054338132,0.29010674781123,0.2900994579687703,0.290087446873048,0.2900687910060894,0.2900404276542934,0.2899973951250885,0.2899321792521758,0.2898334080858489,0.2896838723625692,0.2894575311136425,0.2891149850408819,0.2885966392761385,0.2878123885812506,0.2866260854099848,0.2848322204196561,0.2821210708607385,0.2780270061407177,0.2718527038350832,0.262560646009943,0.2486236716982952,0.227838820623918,0.1971555970976585,0.1527765798964643,0.0918072954233832,0.0246643137059826,0.000373681919631,0.0,3.865355936871394e-07,0.0,3.885414425796484e-07,0.0,0.0,3.8867101549868893e-07,0.0,0.0,3.885565055511651e-07,0.0,0.0,0.0,3.886132004945205e-07,0.0,0.0,0.0,3.886913416492354e-07,0.0,0.0,3.885566928940264e-07,0.0,0.0,3.87977630739103e-07,311.10696414738777,311.0999873281492,311.09298780293824,311.08596561623,311.0789208695352,311.0718537435323,311.06476453391207,311.05765371014405,311.0505220044912,311.04337054671987,311.0362010679242,311.02901620885604,311.0218199861777,311.01461849713286,311.0074209836279,311.00024143688654,310.99310101225325,310.9860316512864,310.9790814862585,310.9723228354723,310.9658638556252,310.9598650664586,310.9545614612477,310.95028782959145,310.947490622552,310.94663112343545,310.9472831081603,310.9479823253492,310.948652583686,310.9492938746882,310.94990618199614,310.950489491176,310.9510437852885,310.9515690490727,310.95206526739014,310.9525324231562,310.9529705009971,310.9533794856891,310.9537593600865,310.95411010877524,310.95443171581417,310.9547241659568,310.9549874420521,310.95522152869523,310.95542640996666,310.9556020706509,310.9557484936356,310.9558656635604,310.9559535652489,310.9560121816304,310.9560414973876,0.0,0.0515357018782111,0.1034389539788961,0.1553203850199703,0.2071776691005986,0.2590221384814908,0.3108485743548259,0.3626684988302657,0.4144744484595283,0.4662777664619194,0.518070318685279,0.5698620356401947,0.6216460624768967,0.6734293628782142,0.7252081654528167,0.7769851873852479,0.8287608826656314,0.880533220876617,0.9323070077231772,0.9840760031142912,1.0358483908447356,1.0876152565917767,1.1393862952383935,1.1911521250853716,1.2429216393620877,1.2946873408404016,1.3464551456694769,1.3982213459789503,1.4499874128140673,1.5017543830190152,1.5535189230041504,1.6052865715847158,1.6570500374126382,1.7088179772348926,1.7605809892421724,1.8123486703496583,1.8641118971544268,1.915878774081862,1.9676427821919429,2.0194084700645787,2.0711735916307044,2.1229379782188067,2.1747042276949755,2.2264675011867063,2.2782345778314093,2.3299971847424628,2.381764556611963,2.433527096993888,2.4852941448411343,2.53705723167351,2.588823413506462
