seed,L,Nz,eps,rho_B,u,D_ax,kL,qmax,b,n,lam_z,rho_g,cp_g,cp_s,D_col,h_w,T_wall,dH,dt,t_end,C_in,T_in,C_out_final,q_out_final,T_out_final,N_ads_final,C_z0,C_z1,C_z2,C_z3,C_z4,C_z5,C_z6,C_z7,C_z8,C_z9,C_z10,C_z11,C_z12,C_z13,C_z14,C_z15,C_z16,C_z17,C_z18,C_z19,C_z20,C_z21,C_z22,C_z23,C_z24,C_z25,C_z26,C_z27,C_z28,C_z29,C_z30,C_z31,C_z32,C_z33,C_z34,C_z35,C_z36,C_z37,C_z38,C_z39,C_z40,C_z41,C_z42,C_z43,C_z44,C_z45,C_z46,C_z47,C_z48,C_z49,C_z50,q_z0,q_z1,q_z2,q_z3,q_z4,q_z5,q_z6,q_z7,q_z8,q_z9,q_z10,q_z11,q_z12,q_z13,q_z14,q_z15,q_z16,q_z17,q_z18,q_z19,q_z20,q_z21,q_z22,q_z23,q_z24,q_z25,q_z26,q_z27,q_z28,q_z29,q_z30,q_z31,q_z32,q_z33,q_z34,q_z35,q_z36,q_z37,q_z38,q_z39,q_z40,q_z41,q_z42,q_z43,q_z44,q_z45,q_z46,q_z47,q_z48,q_z49,q_z50,T_z0,T_z1,T_z2,T_z3,T_z4,T_z5,T_z6,T_z7,T_z8,T_z9,T_z10,T_z11,T_z12,T_z13,T_z14,T_z15,T_z16,T_z17,T_z18,T_z19,T_z20,T_z21,T_z22,T_z23,T_z24,T_z25,T_z26,T_z27,T_z28,T_z29,T_z30,T_z31,T_z32,T_z33,T_z34,T_z35,T_z36,T_z37,T_z38,T_z39,T_z40,T_z41,T_z42,T_z43,T_z44,T_z45,T_z46,T_z47,T_z48,T_z49,T_z50,Qtot_t0,Qtot_t1,Qtot_t2,Qtot_t3,Qtot_t4,Qtot_t5,Qtot_t6,Qtot_t7,Qtot_t8,Qtot_t9,Qtot_t10,Qtot_t11,Qtot_t12,Qtot_t13,Qtot_t14,Qtot_t15,Qtot_t16,Qtot_t17,Qtot_t18,Qtot_t19,Qtot_t20,Qtot_t21,Qtot_t22,Qtot_t23,Qtot_t24,Qtot_t25,Qtot_t26,Qtot_t27,Qtot_t28,Qtot_t29,Qtot_t30,Qtot_t31,Qtot_t32,Qtot_t33,Qtot_t34,Qtot_t35,Qtot_t36,Qtot_t37,Qtot_t38,Qtot_t39,Qtot_t40,Qtot_t41,Qtot_t42,Qtot_t43,Qtot_t44,Qtot_t45,Qtot_t46,Qtot_t47,Qtot_t48,Qtot_t49,Qtot_t50
848857385,0.7012100393757467,51,0.2292122283870534,157.3326851048764,0.3852630434649995,2.0976493948398045e-07,0.0034176005525581,0.7776575607199663,6.70976476640349,7.224273119735218,0.8790227619698787,1.398472818492,1154.2056285643566,1043.3496544724744,0.1083652208891924,12.432151378534062,308.5739004201379,51665.62421779657,0.1676061438019509,167.60614380195094,3.476986720822949,308.43667992047426,1.5553461341582169,0.3317356281836731,306.43120259698554,29.30275061441716,3.439555711905719,3.402118592422881,3.364676814950188,3.3272303789062385,3.2897792837002764,3.252323528677896,3.2148631126810776,3.177398029630994,3.1399282083426527,3.102452337721868,3.064959536229989,3.027448838780433,2.9899294479112077,2.952403682343611,2.914866569704344,2.877315890696884,2.839756761071132,2.8021897798635145,2.764609335071342,2.7270173535318487,2.6894172871450133,2.651805800264602,2.61418099076423,2.576547022271641,2.5389026907250005,2.5012444805905383,2.4635761651538592,2.4258976299804664,2.388205085653812,2.3505019067827777,2.31278808789268,2.275060166308119,2.237321492531274,2.199571247443963,2.1618069664039776,2.1240319832736385,2.086243929853632,2.048442474119977,2.010629783122055,1.9728025733716168,1.9349630716681872,1.8971101468843816,1.8592430463070515,1.8213629653044048,1.7834676395182725,1.7455584387327794,1.7076328143216788,1.6696896685014804,1.631717781532947,1.5936624044009602,1.5553461341582169,0.3393579159290787,0.3393579159227087,0.3393579159117318,0.3393579158783139,0.3393579157136353,0.3393579146740595,0.3393579068623786,0.3393578346929378,0.3393569363769126,0.3393406976066365,0.3391970503405436,0.3390421228486736,0.338994977795748,0.3389749988077336,0.3388968059449331,0.3387926403515451,0.3387483972967333,0.3387111835336841,0.3386082663969066,0.3385279296626461,0.3384880313846308,0.3384090868815282,0.3383078841027961,0.3382554554100483,0.3381889426381492,0.3380812779830126,0.3380178169949059,0.337953032460739,0.337843888961608,0.3377742809458379,0.3377046258676878,0.3375944384213425,0.3375235046678305,0.3374429961762419,0.3373336431641038,0.3372633495840917,0.3371653411786752,0.3370634629015995,0.3369869806754353,0.3368720655903713,0.3367832468122146,0.3366812011427198,0.3365703603833816,0.3364735382682073,0.3363502195760573,0.3362429634473949,0.3361058843858157,0.3359559793048151,0.3356747460845586,0.3347525491914815,0.3317356281836731,308.3993789568027,308.32622742498194,308.2543070190156,308.18362637677325,308.1141941701068,308.0460191049608,307.9791099214854,307.9134753941698,307.8491243321751,307.7860655823803,307.7243080854066,307.663861307653,307.6047347972205,307.54693772580663,307.4904791967305,307.43536857319657,307.3816153556263,307.32922885161736,307.2782183783362,307.22859354255405,307.1803639023423,307.1335388978913,307.08812815676134,307.04414143027054,307.0015883206022,306.9604785218318,306.9208219246109,306.8826282885597,306.845907416664,306.8106693211452,306.77692390155534,306.7446810963884,306.7139510391013,306.6847437519368,306.6570693331452,306.6309380315299,306.60635998574924,306.5833454806492,306.5619048562038,306.5420483950175,306.5237865676352,306.50712978506334,306.492088549692,306.47867343865056,306.4668950162658,306.45676398986103,306.4482910465937,306.4414870298825,306.43636287476124,306.43293006462545,306.43120259698554,0.0,0.5521878615647685,1.3070697533086872,2.0574661567955435,2.801536867376934,3.538093386486293,4.266607639166185,4.986947171931935,5.699126621815864,6.403209424090923,7.099275653124196,7.787411197028203,8.467703805468394,9.140241521818576,9.805112014904804,10.4624022775798,11.11219848547424,11.75458592997354,12.38964898740782,13.017471106712582,13.638134806875634,14.251721679736558,14.858312395800436,15.457986711721162,16.050823478833983,16.63690065222423,17.21629530010512,17.789083613363186,18.355340915170977,18.915141670607444,19.468559496248197,20.015667169700915,20.55653663907015,21.091239032341,21.619844666674904,22.142423057613364,22.65904292818667,23.16977221792628,23.674678091779963,24.17382694892936,24.667284431510183,25.155115433235377,25.637384107921733,26.114153877920767,26.58548744245452,27.051446785857184,27.512093185723437,27.96748722096441,28.41768877977227,28.862757067494236,29.30275061441716
987613444,0.6281126585936296,51,0.3621238874666046,308.890902449004,0.2245888135027772,1.1311357622945222e-06,0.0083136263204292,0.600774481933465,3.1039212295725163,2.361809647010576,0.2799076364171223,1.2851503933288386,1066.3168869738934,836.2804750693244,0.1794674097788595,29.97788236242496,313.01258958050585,25002.74953403515,0.0737333685168014,73.73336851680145,0.1137031258177826,301.5691646285861,0.0233558578346498,0.0004196846649881,308.8923036291432,0.3529432043815039,0.1048725717317357,0.0972014164399531,0.0905249742820755,0.0846894155646209,0.0795621500379852,0.0750319938279796,0.071006869956681,0.0674108696137555,0.0641814178416493,0.0612668029340923,0.0586241210210153,0.0562176053541092,0.0540172836420589,0.0519979041307334,0.050138077356089,0.0484195891968881,0.0468268493767448,0.0453464469694326,0.0439667905449382,0.0426778154481775,0.0414707445152848,0.0403378915027767,0.0392724988103564,0.0382686028660401,0.0373209219302761,0.0364247621557109,0.035575938582172,0.03477070840673,0.0340057143879851,0.0332779366538371,0.0325846515072799,0.0319233960838961,0.0312919379220572,0.0306882486734426,0.0301104813159446,0.0295569503399827,0.0290261144679169,0.028516561538681,0.0280269952491714,0.0275562234928363,0.0271031480763305,0.0266667556286191,0.0262461095448083,0.025840342830275,0.0254486517301775,0.0250702900458315,0.024704564053259,0.0243508279509071,0.0240084797734639,0.0236769577639595,0.0233558578346498,0.0173517373361953,0.0141450214166164,0.011723933648175,0.0098598820437437,0.0083990493327724,0.0072357776345294,0.0062960444720836,0.0055270112849419,0.0048902937928734,0.0043575497061751,0.0039075335044704,0.0035240960785607,0.0031948034229721,0.0029099677415954,0.0026619577434996,0.002444700846607,0.002253319211807,0.0020838603856225,0.0019330956872072,0.0017983676920186,0.0016774737033312,0.0015685758857002,0.0014701313504954,0.0013808373141145,0.0012995877447258,0.0012254388396373,0.0011575813444519,0.0010953182130794,0.0010380464667039,0.0009852423762811,0.0009364492925282,0.0008912675977336,0.000849346367934,0.0008103764213917,0.000774084496604,0.0007402283552383,0.0007085926460675,0.0006789853978882,0.0006512350345745,0.0006251878253781,0.0006007056994983,0.0005776643666832,0.0005559516958823,0.0005354663122596,0.0005161163796077,0.0004978185406898,0.0004804969925316,0.0004640826773734,0.0004485125730425,0.0004337290710953,0.0004196846649881,301.6816441327449,301.9051188838976,302.12802802981764,302.35017513187614,302.5713704818368,302.7914300134509,303.010174180333,303.2274269682292,303.4430150879801,303.65676734529734,303.8685141654732,304.0780872470586,304.2853193200542,304.4900439875232,304.69209563318367,304.8913093808504,305.0875210943967,305.28056740918487,305.47028578774047,305.6565145938936,305.83909318075814,306.0178619888311,306.1926626512194,306.3633381035857,306.52973269687425,306.6916923112637,306.8490644701085,307.00169845289605,307.14944540646417,307.29215845391263,307.4296928007996,307.56190583835115,307.6886572435272,307.8098090758908,307.92522587131106,308.0347747326068,308.13832541730017,308.2357504227028,308.3269250685994,308.4117275778301,308.490039155098,308.5617440643465,308.6267297050632,308.6848866878681,308.7361089097422,308.7802936292426,308.8173415420299,308.8471568570162,308.8696473734079,308.8847245588883,308.8923036291432,0.0,0.0047456898327248,0.0118052599232017,0.0191372180717769,0.0264598367071464,0.0337718620818149,0.0410733814417612,0.0483644797618243,0.0556452396681234,0.0629157415338657,0.0701760635702583,0.07742628191283,0.0846664707034354,0.0918967021681923,0.099117046691591,0.106327572886995,0.113528347663739,0.1207194362910188,0.1279009024587525,0.1350728083355818,0.1422352146241735,0.1493881806139672,0.1565317642315099,0.163666022088508,0.170791009527718,0.1779067806667925,0.1850133884401884,0.1921108846392388,0.1991993199504853,0.2062787439923579,0.2133492053502916,0.2204107516103526,0.2274634293914566,0.2345072843762432,0.2415423613406776,0.24856870418244,0.2555863559481628,0.2625953588595712,0.2695957543385805,0.2765875830313996,0.2835708848316879,0.2905456989028106,0.2975120636992339,0.3044700169871006,0.3114195958640241,0.3183608367781353,0.3252937755464181,0.332218447372364,0.3391348868629777,0.3460431280451609,0.3529432043815039
318520113,0.3830191310307235,51,0.5982427375740746,69.55172140028714,0.5331480061903348,4.406860791937646e-06,0.0321022277144978,2.4580512719254246,9.862437250793825,0.3253770714386859,0.5070185166843477,1.9874879352103003,1145.2114779414314,1064.302703136113,0.0187737838649963,42.56214563738857,300.78214901896973,43176.11112060107,0.1930556752275896,193.0556752275896,4.490613745755822,308.273452992886,4.476918604557505,1.8966921064403288,305.51221046365725,20.724306784888693,4.490405682476868,4.490195472823377,4.48998332400703,4.489769218600684,4.489553138757336,4.489335066168308,4.48911498202136,4.488892868385067,4.488670023265611,4.488473037810422,4.4882441522680185,4.488012247072427,4.487778207343304,4.487542011029944,4.487303634816983,4.4870630544603305,4.486820244651096,4.486575184642652,4.486332149107119,4.486085610633334,4.485832655694801,4.485577339153234,4.485319640233859,4.485059527679329,4.4847969684048925,4.484531927120469,4.484264398351013,4.483997842594222,4.483724642419204,4.4834484008147815,4.483169509071495,4.482887923192845,4.482603595047654,4.482316471435506,4.482026551814903,4.48173505734495,4.481438456212074,4.481138800166,4.4808360895071,4.480530245805958,4.4802211762090485,4.479908809195014,4.479593006054584,4.479273021838954,4.478949440525708,4.478622102685419,4.478290770078379,4.477955026252428,4.477614610751023,4.477269334153219,4.476918604557505,1.8996644356770087,1.8996238536446808,1.8995829065812968,1.8995415870571817,1.8994998868064064,1.8994577967724664,1.8994153070773447,1.8993724072445275,1.899353183611824,1.8998321077648053,1.899231463770828,1.899169872977019,1.899124754268948,1.8990791719914732,1.89903310198845,1.8989865263568857,1.898939424513899,1.8988917946902584,1.8989241178174527,1.8988532303762105,1.898727722591069,1.898677854406127,1.898627541137244,1.8985765863815411,1.898524955274943,1.8984726052061596,1.8984200228488488,1.898432212324256,1.8983019720043,1.8982389116395573,1.8981830924754892,1.8981263875631893,1.8980687186817755,1.898009988878544,1.897951156548641,1.8979151516927653,1.8978130531490487,1.8977491829745872,1.8976852460373173,1.8976197710623963,1.89755248617921,1.8974837892929817,1.8974124351219697,1.8973270626661969,1.897252508534479,1.8971748926354135,1.89709274184119,1.8970027166272867,1.896907721700588,1.8968090868793448,1.8966921064403288,308.2175282365259,308.108675958647,308.0023446423706,307.8985058235236,307.7971319579545,307.69819641628203,307.60167347902654,307.507538332125,307.4157670628298,307.32633653806704,307.2392220782602,307.1544051589593,307.0718655214611,306.99158371131153,306.91354115882297,306.8377201777473,306.76410396431373,306.6926765966778,306.62342303468074,306.5563287261418,306.4913805011411,306.4285663384224,306.3678747311289,306.30929505859154,306.25281758951405,306.19843348480066,306.1461348008544,306.09591449072406,306.0477660899376,306.00168473277336,305.95766613587114,305.9157068948016,305.8758045293848,305.8379574903449,305.80216516653473,305.76842788748723,305.7367468189003,305.7071244052475,305.67956387007735,305.65406941146506,305.6306462189647,305.6093004852714,305.59003941515806,305.5728712429936,305.5578053003693,305.5448519075286,305.53402245405897,305.52532941989386,305.5187864061037,305.514408135861,305.51221046365725,0.0,1.9948889165195995,4.02073587268737,5.847902146917875,7.486325267421691,8.951379126775455,10.259185996309872,11.425290335164128,12.464192768998402,13.389198602572232,14.212401051626626,14.944726220377436,15.59600623859394,16.175063830628844,16.689799593471186,17.147277356419888,17.553805206344414,17.915011001990436,18.235911911591725,18.520977919023217,18.77418947913076,18.99908963301672,19.198830960125925,19.376217770763542,19.533743945461804,19.67362681597235,19.797837462669897,19.90812777869396,20.00605462471179,20.093001371334584,20.170197099946805,20.238733707611136,20.29958113812706,20.353600939417515,20.401558327252825,20.444132916877496,20.481928267324143,20.51548036799022,20.54526518331628,20.571705359027483,20.595176182274024,20.616010878072775,20.63450531521936,20.650922187440813,20.665494727855563,20.678430008432247,20.689911870778435,20.700103529249407,20.709149882888365,20.71717956866612,20.724306784888693
482629773,0.111630876640115,51,0.7627430327441302,296.3184031103234,0.9682538672019596,3.303070487111859e-06,0.0035210780960152,0.3669552690768491,2.26013934947812,4.922591216458796,0.9685659279250796,1.2414937267478166,1129.0108696548434,992.9725598741006,0.4355250036461926,18.59465273317637,301.9585008834083,28854.742542915395,0.3707694051198836,370.7694051198836,2.8363969877551343,314.07684102151256,2.820418228645392,0.2675972347340736,314.0535580750352,2.1421259167569757,2.836084201437269,2.8357709353554856,2.835457666707947,2.8351443954944635,2.8348311217148434,2.8345178453688926,2.834204566456415,2.833891284977212,2.8335780009310825,2.833264714317824,2.8329514251372303,2.832638133389087,2.832324839073186,2.832011542189312,2.8316982427372483,2.831384940716765,2.8310716361276382,2.830758328969637,2.8304450192425272,2.830131706946068,2.8298183920800164,2.8295050746441244,2.8291917546381367,2.828878432061801,2.8285651069148385,2.828251779196993,2.8279384489079877,2.827625116047538,2.827311780615359,2.8269984426111563,2.8266851020346304,2.826371758885473,2.826058413163373,2.825745064868006,2.825431713999045,2.825118360556152,2.8248050045389825,2.824491645947184,2.824178284780393,2.823864921038239,2.8235515547203422,2.823238185826312,2.8229248143557477,2.822611440308231,2.8222980636833648,2.8219846844806837,2.821671302699777,2.821357918340166,2.8210445314024994,2.8207311426135324,2.820418228645392,0.2675987567843135,0.2675987284625037,0.267598700073226,0.2675986716159551,0.267598643090112,0.2675986144950609,0.2675985858301108,0.2675985570945144,0.2675985282874733,0.2675984994081322,0.2675984704555871,0.267598441428877,0.2675984123269915,0.2675983831488686,0.2675983538933886,0.2675983245593837,0.2675982951456293,0.2675982656508452,0.2675982360736979,0.267598206412799,0.2675981766667004,0.2675981468338974,0.2675981169128251,0.2675980869018572,0.2675980567993067,0.2675980266034192,0.2675979963123794,0.2675979659243007,0.2675979354372303,0.2675979048491402,0.2675978741579334,0.2675978433614336,0.2675978124573878,0.2675977814434618,0.2675977503172388,0.2675977190762153,0.2675976877178014,0.2675976562393109,0.2675976246379668,0.2675975929108911,0.2675975610551095,0.267597529067534,0.2675974969449763,0.2675974646841292,0.2675974322815745,0.2675973997337693,0.2675973670370497,0.2675973341876175,0.2675973011815444,0.2675972680148408,0.2675972347340736,314.076392648774,314.0755134801902,314.0746509284449,314.07380503203615,314.0729758295203,314.07216335951296,314.0713676606883,314.0705887717795,314.069826731579,314.0690815789379,314.06835335276685,314.0676420920354,314.0669478357726,314.0662706230667,314.0656104930655,314.064967484976,314.0643416380652,314.06373299165915,314.0631415851441,314.06256745796566,314.0620106496295,314.061471199701,314.0609491478055,314.0604445336285,314.05995739691554,314.05948777747204,314.05903571516404,314.0586012499175,314.058184421719,314.0577852706154,314.057403836714,314.05704016018285,314.05669428125043,314.056366240206,314.0560560773995,314.0557638332418,314.0554895482047,314.0552332628208,314.0549950176839,314.0547748534487,314.0545728108313,314.054388930609,314.0542232536202,314.054075820765,314.0539466730047,314.05383585136224,314.05374339692213,314.0536693508306,314.05361375429544,314.05357664858644,314.0535580750352,0.0,0.0757671921739124,0.1495842769292992,0.2214970658093942,0.2915546848069466,0.3598049925914279,0.4262946132025906,0.4910689679006221,0.5541723061946535,0.6156477360708229,0.6755372534405366,0.7338817708290475,0.7907211453239466,0.8460942058026653,0.9000387794575775,0.95259171763683,1.0037889210185522,1.053665364135636,1.1022551192678474,1.1495913797175863,1.1957064824851928,1.2406319303592943,1.2843984134372828,1.3270358300906189,1.3685733073892912,1.4090392209993785,1.4484612145673077,1.486866218604051,1.524280468882163,1.56072952435822,1.5962382846329135,1.6308310069607157,1.664531322820742,1.6973622540601352,1.7293462286209818,1.760505095861529,1.7908601414821443,1.8204321020662304,1.849241179246024,1.877307053502954,1.90464889761198,1.9312853897391151,1.9572347262010577,1.9825146338956616,2.0071423824117307,2.031134795826419,2.0545082641982804,2.0772787547638325,2.0994618228452806,2.1210726224768486,2.1421259167569757
995162217,0.2621537383595,51,0.2434033893856506,303.15445574640177,0.3753434332819385,5.075079844263936e-06,0.0016399241208876,0.1111426114425416,4.955229314538231,0.6881135502319733,0.5571346269976335,0.4682130392702506,1044.7099882242771,964.4285076915742,0.4912282329927459,40.40943614854119,299.6281650114142,57935.90132988814,0.1050346059980357,105.03460599803576,1.0471801214482133,305.2699390882384,0.9450089421757956,0.0129875944576607,304.6363984187327,0.8064905876613251,1.0451668692461014,1.0431490256991394,1.041131769305584,1.03911510009742,1.0370990181519493,1.0350835235783555,1.033068616512456,1.0310542971155936,1.029040565575816,1.0270274221103737,1.0250148669689496,1.023002900437248,1.0209915228406734,1.0189807345478936,1.0169705359741652,1.0149609275842617,1.01295190989497,1.01094348347708,1.0089356489568355,1.0069284070168512,1.004921758396511,1.002915703891854,1.0009102443550313,0.9989053806933365,0.9969011138679008,0.9948974448921128,0.9928943748297792,0.9908919047931618,0.9888900359408368,0.9868887694755528,0.9848881066420022,0.9828880487246314,0.9808885970454936,0.9788897529621444,0.9768915178656462,0.9748938931786308,0.9728968803535166,0.9709004808707948,0.9689046962374516,0.9669095279854916,0.9649149776705724,0.9629210468707508,0.9609277371853184,0.95893505023373,0.9569429876546296,0.9549515511049558,0.9529607422590864,0.9509705628081908,0.948981014492953,0.946992112110754,0.9450089421757956,0.0132970592245262,0.0132919981776567,0.0132868709958975,0.0132816801482255,0.0132764269756979,0.0132711123468226,0.0132657369447528,0.013260301412545,0.0132548064335094,0.0132492527773534,0.0132436413260465,0.0132379730864008,0.0132322491932767,0.0132264709058456,0.0132206395986046,0.0132147567484508,0.013208823918917,0.0132028427425394,0.0131968149022322,0.0131907421124428,0.0131846261007645,0.0131784685905671,0.0131722712850889,0.0131660358533091,0.0131597639178019,0.0131534570446625,0.0131471167355066,0.0131407444214596,0.0131343414590049,0.0131279091275105,0.0131214486282385,0.0131149610846229,0.013108447543609,0.0131019089778448,0.0130953462885363,0.0130887603087873,0.0130821518072649,0.0130755214920537,0.0130688700145809,0.0130621979735148,0.0130555059185649,0.0130487943541247,0.0130420637427213,0.0130353145082469,0.0130285470389594,0.0130217616902498,0.0130149587871788,0.0130081386267894,0.013001301480312,0.0129944476374361,0.0129875944576607,305.25853646651336,305.2360860529536,305.213956003607,305.1921520203881,305.1706798326269,305.1495451923047,305.12875386925674,305.1083116463475,305.0882243146213,305.0684976684347,305.0491375005737,305.03014959736214,305.0115397337648,304.99331366849225,304.97547713910967,304.9580358571576,304.9409955032877,304.92436172241923,304.9081401189219,304.89233625182897,304.87695563008697,304.86200370784627,304.84748587979806,304.83340747656183,304.8197737601293,304.8065899193701,304.7938610656014,304.7815922282306,304.7697883504712,304.7584542851405,304.7475947905409,304.7372145264311,304.7273180500908,304.7179098124828,304.7089941545192,304.70057530343234,304.6926573692577,304.6852443414302,304.6783400855011,304.6719483399749,304.6660727132748,304.66071668083504,304.6558835823294,304.6515766190332,304.6477988513274,304.644553196344,304.64184242575726,304.63966916372374,304.63803588497336,304.63694491305404,304.6363984187327,0.0,0.0157192198316141,0.0332121345797835,0.0506455473098488,0.0680196696673861,0.0853347030313704,0.1025908480987625,0.119788304886807,0.1369272727353188,0.1540079503089622,0.1710305355995226,0.1879952259281709,0.2049022179477196,0.2217517076448724,0.2385438903424656,0.2552789607017028,0.2719571127243813,0.2885785397551118,0.3051434344835308,0.3216519889465051,0.3381043945303296,0.3545008419729171,0.3708415213659818,0.3871266221572148,0.4033563331524529,0.4195308425178389,0.4356503377819777,0.4517150058380811,0.4677250329461097,0.483680604734904,0.4995819062043117,0.5154291217273045,0.5312224350520918,0.5469620293042244,0.562648086988692,0.5782807899920138,0.5938603195843227,0.6093868564214417,0.6248605805469533,0.6402816713942645,0.6556503077886603,0.6709666679493558,0.6862309294915369,0.7014432694283952,0.71660386417316,0.7317128895411187,0.7467705207516312,0.7617769324301411,0.7767322986101765,0.7916367927353456,0.8064905876613251
942408522,0.3488954796722326,51,0.6005450151979476,240.66901094764404,0.8663270453985078,2.1798600284696226e-07,0.0032863205744918,3.1696222701188974,0.6745412578695944,0.1060598205339656,0.355469590161493,1.4720208241432728,901.6607657577388,938.6441850336852,0.2587443171230911,11.156516186394988,309.728692190106,46936.11055997155,0.3206714663232978,320.67146632329786,2.927765221179235,303.03515408462187,2.6202240391895644,1.0572611560679337,300.8959070113208,36.58141536639732,2.9216996798591954,2.915633644933388,2.909567331688467,2.903500736670541,2.8974338563951343,2.891366687344221,2.885299225963651,2.879231468661114,2.8731634118778566,2.8670970591243887,2.862109789200457,2.856113238183569,2.850034622593085,2.8439556581718604,2.8378763783818823,2.8317967791315213,2.8257168563302555,2.819636605855756,2.8135560235432795,2.8074751051817444,2.801393847083808,2.7953262028347345,2.789843164175366,2.78376078711868,2.777671956360828,2.771582769002078,2.7654932224142006,2.759403311838214,2.7533130327176103,2.747222380274686,2.7411313497211247,2.735039936210112,2.7289481581627952,2.7231807042782497,2.717344880686181,2.711245950475753,2.705146398169144,2.699046440412598,2.69294607189718,2.686845287417592,2.680744081263523,2.674642447983968,2.668540382391087,2.66243787888492,2.656348759974927,2.650773526112492,2.6446683923240726,2.6385579452451555,2.6324470372978155,2.626335663878065,2.6202240391895644,1.0700024423550805,1.069817210722246,1.069631279377081,1.0694446440752825,1.069257300237934,1.0690692429989443,1.068880467242229,1.0686909676305962,1.0685007387726717,1.0684953896970666,1.170093529095369,1.0747846334618767,1.0668844218128088,1.0666874066879926,1.0664931477777653,1.066298102961844,1.0661022704898102,1.065905645495736,1.065708222101751,1.065509994043626,1.0653109613588034,1.0664254078994335,1.1213887575782946,1.064719147493141,1.0639419924238631,1.0637392099132217,1.0635357578621254,1.0633314334027606,1.0631262535827437,1.0629201954762943,1.0627132560754713,1.062505427683732,1.062297798729801,1.092709671323877,1.0860994235049604,1.0611219521610613,1.0608892531097287,1.060676532703075,1.0604628643931466,1.0602482556735302,1.0600326567274962,1.0598160897769144,1.059598577337379,1.0593800312915902,1.0604628158833684,1.108747412732087,1.058613532250352,1.0579334188623757,1.0577102872841055,1.057486247583035,1.0572611560679337,302.9986900184353,302.92721558247706,302.8566039908155,302.7868744003143,302.7180462379523,302.6501392042589,302.5831732767884,302.5171687136461,302.452146057047,302.3881261369293,302.3251293637155,302.26278729188675,302.2014794307673,302.14125679171826,302.082141670874,302.0241566609373,301.96732466843827,301.91166891768944,301.8572129547947,301.80398065172983,301.75199621045726,301.7012841670769,301.6518643624249,301.6035506561673,301.5565812830833,301.51098431037167,301.466785993971,301.42401294923485,301.3826921562274,301.342850964217,301.30451709639016,301.2677186545404,301.2324841238575,301.19884237352505,301.1667053929882,301.136125407891,301.10722576910666,301.0800370177474,301.05459002922817,301.0309160972593,301.0090469390325,300.98901470070007,300.97085196263134,300.9545917447603,300.9402675123742,300.9279081938168,300.91736231104466,300.9088526860738,300.9024163370086,300.89808903025846,300.8959070113208,0.0,1.557588765910273,2.6879553548730524,3.7949532017969583,4.879064226063943,5.940760470151131,6.980504299444172,7.998748597238206,8.995936956030551,9.972503865158828,10.92887489483908,11.865466876658909,12.78268808058118,13.680938388513836,14.560609464501765,15.422084921596456,16.26574048545926,17.091944154753616,17.90105635838164,18.693430109619975,19.469411157209347,20.22933813345208,20.973542699370924,21.702349686982544,22.41607723873798,23.11503694418201,23.7995339738827,24.46986721068183,25.126329378316147,25.769207167458696,26.39878135922896,27.015326946219552,27.61911325108688,28.21040404275209,28.7894576502582,29.356527074328437,29.91186009667006,30.45569938706749,30.988282608307355,31.509842518977926,32.02060707418429,32.52079952421995,33.01063851123514,33.490338163940955,33.96010819038829,34.42015396885908,34.870676636922084,35.311873178747625,35.74393651022886,36.1670555630035,36.58141536639732
69167270,0.6778870544994019,51,0.5670084148573036,328.0587114128903,0.3577926254381194,1.1199657626714432e-06,0.0927344082362556,0.2844339817248413,0.1276130046233638,0.2412753475848138,0.4068136167746343,0.2460065831147211,982.831495236613,882.6793840894123,0.307549558584841,44.04076848796058,316.4172390300083,30013.65037335502,0.0373507648664903,37.35076486649034,4.899170295444732,305.1690494182386,3.63830138032876,0.0997662409248901,312.458791748403,11.889710569482196,4.890443738160367,4.88152128615594,4.872397489464193,4.8630635176658,4.853506712975117,4.843708748786144,4.833665149393752,4.823368655788328,4.812810617780358,4.801981902989747,4.790872981450645,4.779473507530378,4.767771826942584,4.755755616734056,4.743410827167946,4.73072169939322,4.717669904287639,4.704233936670055,4.690387438845796,4.676096626107904,4.661314718943046,4.645968162398455,4.629932141727107,4.613094563347578,4.595406674868804,4.576823966725412,4.557300056322656,4.53678650152564,4.515232631893512,4.492585403776487,4.468789265110107,4.443786024524618,4.417514725762998,4.389911505138402,4.360909478502244,4.330438592484725,4.298425514628181,4.264793486957164,4.229462163302864,4.192347541334828,4.153361786696002,4.112413067024989,4.06940552148766,4.024239075050113,3.976809288151663,3.927007337690271,3.8747198396856177,3.819828903978389,3.7622118685302697,3.701741433727048,3.63830138032876,0.1298585878212317,0.1297472030380982,0.1296316203223795,0.1295111454938546,0.1293838663193158,0.1292469514591596,0.1291071989462037,0.128963217603445,0.1288142979684936,0.128660176280265,0.1285006290660394,0.1283352250133795,0.1281632869907557,0.1279844507246312,0.1277978271770443,0.1276025317858503,0.1273972502724252,0.1271803630066092,0.126949414847204,0.1267006682457051,0.1264276200431259,0.1261169340096641,0.1257431141728787,0.1253121515949331,0.1248550651584654,0.1243738024115855,0.1238672923130588,0.1233343612339145,0.1227737405503332,0.1221840771898359,0.1215639371100622,0.1209118060045491,0.1202260903592023,0.119505107338364,0.1187470974062379,0.117950204541541,0.1171124929971679,0.1162319265572324,0.1153063573927266,0.1143335693445241,0.1133112208120748,0.1122368450517546,0.1111079120107572,0.1099217459914945,0.1086755363181605,0.107366394542873,0.1059912675215052,0.1045470417847987,0.1030303735008412,0.1014378701721441,0.0997662409248901,305.3814373316898,305.80352086021804,306.2242266579585,306.6420502832058,307.0552325437476,307.461833192977,307.859812036699,308.2470952266484,308.6216534740596,308.98157355684674,309.3251204806889,309.6507886853286,309.9573412075852,310.2438361388376,310.5096394464153,310.75442629750205,310.97817123755186,311.181129629499,311.36381205630465,311.5269545957855,311.6714876551407,311.79850757167986,311.9092591234778,312.0051384192769,312.0876414633205,312.1582706398621,312.21849396225906,312.269713904713,312.313241109088,312.3502729444403,312.38187674628455,312.40897750912296,312.43234982450485,312.4526139422615,312.4702359943494,312.4855325583382,312.49867997327067,312.5097289059224,312.5186248056494,312.52523483430247,312.5293815848509,312.5308837279305,312.529603107209,312.5254970222355,312.51867389255443,312.50944949558607,312.498400088189,312.4864083099725,312.4746970328744,312.46484673515414,312.458791748403,0.0,0.1763640890408148,0.4778976642749422,0.7880092225505827,1.0976215217876206,1.4067800650251896,1.7155177902810077,2.0238581510951303,2.331828247016983,2.6394579212901137,2.946770731428208,3.253783716562189,3.5605157679919683,3.866988845788364,4.173222178948525,4.479229103139208,4.78502136863903,5.090613844344032,5.396022410750346,5.70125966318198,6.0063338918902565,6.311253223454989,6.616028580144683,6.920671614732395,7.225191312058409,7.529532016970264,7.830343384221659,8.121270635477641,8.40005280742377,8.666050519651261,8.919179195443315,9.159617241187131,9.387685915998016,9.603788183558498,9.80837360188625,10.00191659596892,10.18490234557251,10.357817331072876,10.521142884548988,10.675350759490266,10.820900098800788,10.958235394536771,11.087785163724526,11.20996114807416,11.325157900461368,11.433752658431576,11.53610543100113,11.6325592435349,11.723440498887683,11.809059422871004,11.889710569482196
365095169,0.3113167531075128,51,0.7597400845216316,279.6900463265449,0.282582471813711,6.347890991692068e-07,0.0078842616761339,6.869110455481165,1.5297503399317969,0.416254475879614,0.4807017007733905,0.8993523604222455,1084.36836954716,893.4812938272909,0.3716545168785846,19.150990064210905,299.864454741015,30890.743766907693,0.0677128894220278,67.71288942202787,2.063364842516707,308.6998346377927,0.0,0.0,307.1355388619493,7.192268800578543,1.9059557750859863,1.7501294564640495,1.5960271357539528,1.443732433039832,1.2933210075153458,1.1448476447323666,0.9983360007734186,0.8537358856344788,0.7107797874403832,0.5687296289025304,0.4265758798727688,0.2863641968326619,0.1563749552930193,0.0537701067989501,0.0051293300826091,1.6246644217788737e-05,9.90766437341653e-09,6.042044314743358e-12,3.684695752797865e-15,2.2471112358108684e-18,1.139129128486282e-21,0.0,0.0,0.0,0.0,0.0,0.0,0.0,0.0,0.0,0.0,0.0,0.0,0.0,0.0,0.0,0.0,0.0,0.0,0.0,0.0,0.0,0.0,0.0,0.0,0.0,0.0,0.0,0.0,0.0,0.0,1.7252723977403122,1.693047323144294,1.6569563491483503,1.6160611733046917,1.5690335728343618,1.5139324469447948,1.4480301947527958,1.366904612193067,1.2620053981214798,1.116972341595062,0.9105705175571188,0.6608576950868869,0.4111993502198912,0.1912669783881594,0.0456112126169946,0.0022439053089616,3.389029045475506e-06,2.068536173436004e-09,1.2625933237533365e-12,7.706840726528613e-16,0.0,0.0,2.1060948527621153e-08,0.0,2.10052698303568e-08,0.0,0.0,0.0,0.0,0.0,0.0,2.10648036400696e-08,0.0,0.0,0.0,0.0,2.1076771775103912e-08,0.0,0.0,0.0,2.1062388478090265e-08,0.0,0.0,0.0,2.106534483029436e-08,0.0,2.0969230690245985e-08,0.0,0.0,2.106850203666319e-08,0.0,308.6059099611936,308.4317392219584,308.27081302133155,308.1230302421202,307.9882803257088,307.8664440421708,307.7573954214515,307.6610046208389,307.5771445981936,307.50571049330387,307.44666147507775,307.40004544026067,307.3657311027884,307.34285973548384,307.3290630769244,307.3196292837148,307.31074938091564,307.3019863368688,307.2933490447851,307.2848477008996,307.2764923709972,307.2682929790141,307.2602592966033,307.25240093319223,307.2447273243674,307.2372477241007,307.22997119225283,307.2229065869605,307.2160625538601,307.2094475168899,307.2030696690185,307.19693696316523,307.19105710370684,307.18543753640324,307.1800854418739,307.17500772623083,307.1702110133606,307.16570163758365,307.161485634778,307.1575687370988,307.1539563648979,307.1506536207189,307.1476652815346,307.1449957946103,307.1426492705981,307.14062947873674,307.1389398403207,307.1375834262067,307.136562949788,307.135880765037,307.1355388619493,0.0,0.1351376345220021,0.2791800985682156,0.4232216434740328,0.567262271104732,0.7113019857796476,0.8553407895167987,0.9993786846999908,1.143415676165079,1.28745177233334,1.4314869850517336,1.5755213282741127,1.7195548161067948,1.8635874612383687,2.007619272071638,2.15165025486283,2.2956804131601287,2.439709749805317,2.583738268769649,2.7277659765456987,2.8717928826475667,3.015818999089515,3.159844339056008,3.3038689152319907,3.447892738606253,3.5919158160909377,3.735938152910456,3.879959752057874,4.023980616159373,4.1680007490523785,4.3120201569267165,4.456038848677701,4.6000568353837865,4.744074129101481,4.888090741379141,5.03210668222729,5.176121957819231,5.320136572838918,5.464150529810484,5.60816383079744,5.752176478851416,5.896188479116447,6.040199839256216,6.18421056909039,6.328220679572423,6.472230181438705,6.616239084261242,6.760247394022217,6.904255115283818,7.048262250312213,7.192268800578543
880675314,0.7888510141111695,51,0.5411390391590175,436.3003658359127,0.6660670259359548,7.38820408294481e-07,0.0103387455980963,2.776977721721691,0.1357922542619484,0.1764532163849174,0.1244887442365496,1.1990598304096909,1178.613280593235,852.1755161294277,0.208380588662769,30.54350249271641,305.32431606983874,43229.6631161073,0.2865840595402027,286.5840595402027,0.9281520673766516,303.01635057578267,0.0,0.0,300.6925020004221,43.993516768311984,0.9159763943349384,0.9031172408715183,0.88946584828155,0.8748459665308901,0.8588019089486119,0.8398854807950225,0.8167357622064811,0.78836928234963,0.7536094950612983,0.711045912144657,0.6590064008634847,0.5955482649449074,0.5184981753945179,0.4256181574064631,0.3151242655795847,0.1874362211928681,0.0539920033405612,3.899805779248756e-05,0.0,0.0,0.0,0.0,0.0,0.0,0.0,0.0,0.0,0.0,0.0,0.0,0.0,0.0,0.0,0.0,0.0,0.0,0.0,0.0,0.0,0.0,0.0,0.0,0.0,0.0,0.0,0.0,0.0,0.0,0.0,0.0,0.0,1.0743324563792678,1.069216127552676,1.0634166336406083,1.056567502718475,1.0471842786241516,1.0300262049887152,1.0053118496570506,0.9747530210283892,0.9371003701496508,0.8907881403582342,0.8339377249393704,0.7643371453550386,0.6794565852006786,0.5765625502601206,0.4530938255762664,0.307883219778139,0.1461876984860096,0.0181049763676857,1.884849515463736e-06,2.1743547660508257e-06,0.0,2.322356584809844e-06,0.0,2.3267476221912667e-06,0.0,0.0,0.0,2.3273860313093883e-06,0.0,0.0,2.32770567314912e-06,0.0,0.0,2.3265665075467704e-06,0.0,2.3211402408936104e-06,0.0,0.0,0.0,0.0,2.32732069888705e-06,0.0,0.0,0.0,2.327371877410935e-06,0.0,0.0,0.0,2.327035508140761e-06,0.0,0.0,302.80751037791515,302.38746847416013,301.94846636764817,301.490230065265,301.01264578963014,300.5161561029627,300.0031828905061,299.47815257410934,298.94710923843365,298.4180856577989,297.9015548844152,297.410949565733,296.96322746325995,296.5794186837518,296.28497922688643,296.10945065935346,296.0836776082539,296.2246344621267,296.4320677276696,296.63642741678746,296.83760280965515,297.03553689818,297.2301723496009,297.4214474267541,297.6092955660253,297.79364136072144,297.97440050056406,298.15147731443614,298.3247639035021,298.4941378371453,298.659462373138,298.82058449874563,298.97733273018656,299.1295170554959,299.27692656618086,299.4193267394732,299.5564590468664,299.68803660419496,299.8137432146684,299.9332294953333,300.04610985110776,300.15195916518184,300.2503078266413,300.3406388733562,300.42238230307856,300.4949103506416,300.55753073387166,300.6094818512654,300.64992496592214,300.67793715411034,300.6925020004221,0.0,0.8738739757507292,1.7541223046349526,2.634362575691086,3.5145878788918874,4.394775845410952,5.274943105690887,6.155107735037906,7.035256934817155,7.91537334313819,8.795476226367002,9.675580087345686,10.555669196950833,11.43572957277253,12.31578121444016,13.195836466168483,14.075878213230856,14.955894399962393,15.835905079340936,16.71592142221073,17.595925796836088,18.47590696000474,19.355884749757987,20.23586986504141,21.11584470043621,21.99579800590788,22.87574926908333,23.755709219615262,24.635660660390936,25.515591741076705,26.395521496311385,27.275461046723866,28.15539392353151,29.03530727054762,29.9152195348418,30.795142471557817,31.675060623410005,32.55495982799252,33.43485779570037,34.31476709396816,35.19467350948234,36.07456142879396,36.95444764481084,37.8343456390362,38.71424266936695,39.594121630637794,40.47399818129673,41.3538867556202,42.23377627924792,43.11364819798535,43.993516768311984
421650059,0.915472082423218,51,0.2247696479869461,157.00392298104055,0.8787093112841052,4.710449588955689e-07,0.0309224331064034,0.5241740311215528,1.4166901276637311,0.1150805694814228,0.3782147880419618,0.3143043095738911,965.6338287269888,1058.322711001785,0.039536599967373,46.76221065984417,308.055795532313,37335.45175569285,0.3018344164777418,301.8344164777418,0.3987078410744323,300.86163488715,5.21503435774701e-32,3.2311742677852644e-27,307.5722074608548,18.40393541359,0.3986963178826472,0.3986831018036748,0.3986679748729116,0.3986504510086714,0.3986283898038969,0.3985994624159438,0.3985615625997717,0.3985119449299568,0.3984470255869479,0.3983621244730647,0.3982511288522646,0.3981060543017793,0.3979164713520333,0.3976687568349864,0.3973451194032968,0.3969223083604423,0.3963699769256456,0.3956484907056603,0.3947060582912201,0.3934751481713454,0.3918674818722013,0.3897680123189008,0.3870265806914174,0.3834475387315583,0.3787756347295099,0.3726793949588516,0.3647268660483135,0.354359242042732,0.3408513568517908,0.3232719618937473,0.3004246593638642,0.2707993654698908,0.2325223782295069,0.1833705397040913,0.1210937517705344,0.0455348335366733,7.127472268928219e-06,0.0,0.0,0.0,0.0,0.0,0.0,0.0,0.0,0.0,0.0,0.0,0.0,0.0,5.21503435774701e-32,0.2534500293465728,0.2534457876616002,0.253440991111828,0.2534350270767113,0.2534241417865762,0.2534078316660559,0.2533865145057987,0.2533586699134849,0.2533223042043572,0.2532748105684368,0.2532127823172045,0.2531317684998953,0.2530259542037685,0.2528877431445721,0.2527072192800406,0.2524713942075903,0.2521633764712778,0.2517610534418828,0.2512354710114615,0.2505491009252101,0.2496524664162966,0.2484816192221965,0.2469525922449633,0.2449563526211984,0.2423497239468141,0.2389487544406361,0.2345100231940797,0.2287234628695999,0.2211788719312691,0.2113585010674741,0.1985807250464754,0.1819976742173962,0.1605331355760834,0.1328672812445401,0.097567469199948,0.0536019126477656,0.0090144915621952,1.3301795932699842e-05,0.0,0.0,0.0,0.0,0.0,1.2971373712230788e-05,0.0,0.0,0.0,0.0,0.0,0.0,3.2311742677852644e-27,301.2127417211081,301.83538775478894,302.3986868272559,302.9079678061626,303.3680444270756,303.7832625486575,304.1575412629899,304.49440941413303,304.7970393442363,305.06827743594346,305.3106718030965,305.5264974771581,305.71777944058084,305.886313874014,306.0336880141153,306.16129906327103,306.2703726881781,306.36198167264433,306.4370655332432,306.4964520605641,306.54088180943336,306.571037421384,306.58757924811863,306.59119033696066,306.5826336312206,306.5628263644112,306.53293539079334,306.4945033776863,306.449609664133,306.4010826200318,306.3527657237899,306.3098620346074,306.2793476647432,306.2704590517821,306.2951842621396,306.36840653038297,306.50562429014684,306.67245828141785,306.8197226303787,306.94936722313514,307.06313776475463,307.1625693793263,307.2489948754525,307.3235536612421,307.38720214230835,307.4407193780143,307.4847197060839,307.5196551186907,307.5458189270336,307.56334562581804,307.5722074608548,0.0,0.3667090474579066,0.7350995841981363,1.103435677117752,1.4717107299543652,1.8399705081244249,2.2081972946739272,2.576382115273434,2.944567488992805,3.312729026370795,3.680862373926724,4.04900513215031,4.417126556069413,4.785230884152479,5.153348967228298,5.521444852608571,5.889533231113367,6.257636624785333,6.625715815642799,6.993795996876967,7.361890173023038,7.729958306294953,8.09803471476241,8.466122385342256,8.834183465164253,9.202258679215047,9.570341003946131,9.938398146335391,10.306473635106414,10.674550822544376,11.04260635766066,11.410682744117976,11.778754724250186,12.146810542199578,12.51488803278377,12.882954824397622,13.251012245269717,13.61909068533848,13.98715258585732,14.355212420010371,14.723291355040445,15.09134902104913,15.459411742246136,15.827490485868225,16.195544797031438,16.56361047512161,16.93168810666486,17.299740337302826,17.667808939398643,18.03588421002384,18.40393541359
