seed,L,Nz,eps,rho_B,u,D_ax,kL,qmax,b,n,lam_z,rho_g,cp_g,cp_s,D_col,h_w,T_wall,dH,dt,t_end,C_in,T_in,C_out_final,q_out_final,T_out_final,N_ads_final,C_z0,C_z1,C_z2,C_z3,C_z4,C_z5,C_z6,C_z7,C_z8,C_z9,C_z10,C_z11,C_z12,C_z13,C_z14,C_z15,C_z16,C_z17,C_z18,C_z19,C_z20,C_z21,C_z22,C_z23,C_z24,C_z25,C_z26,C_z27,C_z28,C_z29,C_z30,C_z31,C_z32,C_z33,C_z34,C_z35,C_z36,C_z37,C_z38,C_z39,C_z40,C_z41,C_z42,C_z43,C_z44,C_z45,C_z46,C_z47,C_z48,C_z49,C_z50,q_z0,q_z1,q_z2,q_z3,q_z4,q_z5,q_z6,q_z7,q_z8,q_z9,q_z10,q_z11,q_z12,q_z13,q_z14,q_z15,q_z16,q_z17,q_z18,q_z19,q_z20,q_z21,q_z22,q_z23,q_z24,q_z25,q_z26,q_z27,q_z28,q_z29,q_z30,q_z31,q_z32,q_z33,q_z34,q_z35,q_z36,q_z37,q_z38,q_z39,q_z40,q_z41,q_z42,q_z43,q_z44,q_z45,q_z46,q_z47,q_z48,q_z49,q_z50,T_z0,T_z1,T_z2,T_z3,T_z4,T_z5,T_z6,T_z7,T_z8,T_z9,T_z10,T_z11,T_z12,T_z13,T_z14,T_z15,T_z16,T_z17,T_z18,T_z19,T_z20,T_z21,T_z22,T_z23,T_z24,T_z25,T_z26,T_z27,T_z28,T_z29,T_z30,T_z31,T_z32,T_z33,T_z34,T_z35,T_z36,T_z37,T_z38,T_z39,T_z40,T_z41,T_z42,T_z43,T_z44,T_z45,T_z46,T_z47,T_z48,T_z49,T_z50,Qtot_t0,Qtot_t1,Qtot_t2,Qtot_t3,Qtot_t4,Qtot_t5,Qtot_t6,Qtot_t7,Qtot_t8,Qtot_t9,Qtot_t10,Qtot_t11,Qtot_t12,Qtot_t13,Qtot_t14,Qtot_t15,Qtot_t16,Qtot_t17,Qtot_t18,Qtot_t19,Qtot_t20,Qtot_t21,Qtot_t22,Qtot_t23,Qtot_t24,Qtot_t25,Qtot_t26,Qtot_t27,Qtot_t28,Qtot_t29,Qtot_t30,Qtot_t31,Qtot_t32,Qtot_t33,Qtot_t34,Qtot_t35,Qtot_t36,Qtot_t37,Qtot_t38,Qtot_t39,Qtot_t40,Qtot_t41,Qtot_t42,Qtot_t43,Qtot_t44,Qtot_t45,Qtot_t46,Qtot_t47,Qtot_t48,Qtot_t49,Qtot_t50
253786993,0.2340293626809841,51,0.4771615848339526,234.9973861274121,0.7164216176569029,3.870036307283598e-06,0.0041349629117344,0.1763860913716159,8.956039007507131,0.1655218178042166,0.6660047370234918,1.7260822020225073,1168.0440355050391,857.9086174496604,0.4332964347869311,10.57917904640474,307.71930703861534,30433.273029489123,0.0425144671593848,42.514467159384886,2.859400803394365,309.1106250066821,2.796075083248527,0.0178465682984761,309.0536366118868,0.5269644150149069,2.8581600335418944,2.856917829575165,2.8556756215126096,2.854433409064058,2.853191191951743,2.8519489699056675,2.8507067426609374,2.849464509956078,2.84822227153188,2.84698002713058,2.845737776495205,2.8444955193690857,2.8432532554953838,2.842010984616709,2.8407687064747376,2.8395264208098614,2.8382841274018977,2.83704185943734,2.835809942467697,2.834597523622926,2.8333557295363927,2.832113133364143,2.83087052530479,2.829627909392128,2.828385285301501,2.8271426526975763,2.825900011244562,2.824657360603198,2.8234147004284766,2.8221720303672657,2.8209293500555117,2.819686659114737,2.8184439571476947,2.8172012439282583,2.8159586428576326,2.814717818801509,2.8134750937657103,2.812232195603569,2.8109892862172834,2.809746366284572,2.8085034354085177,2.807260493166548,2.806017539123957,2.804774572784186,2.803531593622488,2.802288601009056,2.8010455942573538,2.7998026013941963,2.798559971932076,2.797316832309674,2.796075083248527,0.0179437758821605,0.0179430586219439,0.0179423165036564,0.0179415511508601,0.0179407634948028,0.0179399541183412,0.0179391234038541,0.0179382716069074,0.0179373988967859,0.0179365053803299,0.0179355911165294,0.0179346561255914,0.0179337003944824,0.017932723880063,0.0179317265104716,0.0179307081851334,0.0179296689702374,0.0179302298800489,0.0187069859617437,0.0201762987019363,0.01796545408921,0.0179046374347797,0.0179032805460839,0.0179022257729706,0.0179011451458948,0.0179000378607392,0.0178989038807569,0.0178977429448486,0.0178965546192682,0.0178953382923919,0.0178940931425716,0.0178928180837749,0.0178915116866473,0.0178901761050743,0.0178979804866599,0.0180313824333014,0.0178878673229313,0.0178743556785216,0.0178730254625752,0.0178717448036461,0.0178704328391693,0.0178690876369036,0.0178677082866039,0.0178662901382714,0.0178648310734511,0.017863323194681,0.0178617597357961,0.0178622734726043,0.0178891620745104,0.017850149592993,0.0178465682984761,309.1095533935794,309.10745204811394,309.1053874219245,309.10335972262465,309.1013691584592,309.0994159383047,309.0975002716697,309.0956223686953,309.0937824401558,309.09198069745923,309.0902173526481,309.08849261839987,309.0868067080276,309.0851598354811,309.0835522153469,309.0819840628496,309.0804555938521,309.0789670248567,309.07751857222325,309.0761100784456,309.07474105063653,309.07341276856783,309.0721254806224,309.07087940727155,309.0696747694753,309.0685117888401,309.06739068762005,309.0663116887174,309.0652750156836,309.0642808927197,309.06332954467786,309.06242119706195,309.0615560760288,309.0607344083897,309.0599564216098,309.05922233938514,309.05853232543336,309.057886677394,309.0572856311673,309.05672941744825,309.0562182675514,309.05575241345014,309.05533208777825,309.0549575238312,309.0546289555688,309.0543466176168,309.05411074527154,309.0539215745039,309.0537793409308,309.0536842680877,309.0536366118868,0.0,0.0127144880186016,0.0241185246240218,0.0354825608763481,0.0468067456498258,0.05809121869367,0.0693361192670481,0.080541586140796,0.0917077575991308,0.1028347714413563,0.1139227649835635,0.1249718750603251,0.1359822380263838,0.1469539897583345,0.1578872656563014,0.1687822006456081,0.1796389291784429,0.1904575852355179,0.2012383023277217,0.2119812134977673,0.2226864513218332,0.2333541479112001,0.24398443491388,0.2545774435162415,0.2651333044446279,0.2756521479669708,0.2861341038943967,0.29657930158283,0.3069878699345877,0.3173599373999712,0.3276956319788504,0.3379950812222432,0.3482584122338902,0.3584857516718223,0.3686772257499235,0.3788329602394885,0.3889530804707749,0.3990377113345491,0.409086977283628,0.4191010023344139,0.4290799100684253,0.4390238236338222,0.4489328657469243,0.4588071586937266,0.4686468243314081,0.4784519840898341,0.4882227589730564,0.4979592695608054,0.5076616360099782,0.5173299780561209,0.5269644150149069
255156274,0.464026257158629,51,0.3696511571034856,170.54606316114808,0.5286842644869235,4.806771010860902e-06,0.0044949949652568,3.422404156463382,2.2370078947448966,4.703002659077615,0.9743140726692928,0.9005644846868104,975.3207627083956,1088.7022903031393,0.4530890481026173,43.48864049991804,302.41449782767125,40810.963321381976,0.139761788538803,139.761788538803,1.2343204319319598,306.9451160221531,0.1893882455577331,0.0212852557884339,305.9647914216406,18.17479909658908,1.168560624043796,1.102825609397185,1.0371379766395683,0.971379213625959,0.9052998942889589,0.8385048979967699,0.770681568636081,0.702173713061606,0.6345606007222183,0.570676652824924,0.5136512791388521,0.4654239430014829,0.4260957837423622,0.3945023717142367,0.3690887995209149,0.3484286632015306,0.3313868622617337,0.3171112952934488,0.3049748425673042,0.29451642061773,0.2853942473590382,0.2773518258474488,0.2701939548717287,0.2637699484410266,0.2579618614460676,0.2526761558441188,0.2478377344232012,0.2433856156145799,0.2392697574587785,0.2354486956935032,0.2318877656691793,0.2285577480761263,0.2254338260141562,0.222494773426052,0.219722317360501,0.217100632207994,0.2146159351274798,0.2122561597900442,0.2100106912738425,0.2078701491065473,0.2058262085162273,0.2038714522293728,0.2019992468629462,0.2002036392492508,0.1984792690175037,0.1968212945129591,0.1952253297204012,0.1936873903156193,0.1922038473280717,0.1907713883714402,0.1893882455577331,1.5775150780275051,1.5687213653806045,1.5543009358531534,1.5299324552482847,1.4883990405495182,1.4195367385234008,1.3150429455371644,1.1759426840982954,1.0135069194838011,0.8443514150291672,0.6853449170062624,0.5487421183893694,0.4391547849736165,0.3547478222115481,0.2907544012304565,0.2421806783118619,0.2049204693160286,0.1759145023915685,0.1529708588504412,0.1345355686383629,0.1195030401888213,0.1070784900970246,0.0966828444611146,0.0878880301910047,0.0803729642438675,0.0738934051826989,0.0682610741384241,0.0633290113767101,0.058981169276511,0.0551249175743406,0.0516855759130319,0.0486023757149155,0.0458254424728474,0.0433135154088866,0.0410322061804723,0.0389526560300756,0.0370504905537561,0.0353049989979982,0.0336984845457,0.0322157459825982,0.0308436611625492,0.0295708499788506,0.0283873998975051,0.027284641069346,0.0262549609969138,0.0252916509605612,0.0243887780996694,0.0235410783378067,0.0227438663364183,0.0219929600521627,0.0212852557884339,306.8993417842442,306.8134291871805,306.73293891011645,306.65789018048946,306.58831231704073,306.5242561208022,306.4658066360175,306.41307629603034,306.3661484331614,306.3249704380614,306.28924463807886,306.25840160091934,306.2317017095061,306.20839332630567,306.1878221845819,306.16946560151786,306.1529219576711,306.13788604547113,306.1241250234122,306.1114592794973,306.0997483068449,306.08888055813134,306.0787661967947,306.0693318908027,306.0605170346479,306.0522709729738,306.04455093273225,306.03732046225457,306.0305482375555,306.02420713810693,306.0182735228599,306.0127266569043,306.0075482527725,306.00272209996393,305.9982337630654,305.9940703337332,305.9902202253574,305.98667300184167,305.98341923387363,305.9804503775154,305.9777586710466,305.97533704683383,305.9731790556492,305.9712788013642,305.96963088433904,305.9682303521393,305.9670726564564,305.96615361530723,305.9654693797462,305.9650164044494,305.9647914216406,0.0,0.3500484721152593,0.718384022609742,1.0864977735753112,1.4543925867220129,1.8220712218593869,2.1895363324617287,2.5567904718532306,2.923836098927288,3.2906755834412302,3.657311210923596,4.023745187227447,4.389979642759919,4.756016636415372,5.121858159236752,5.487506137827624,5.852962437535101,6.218228865422115,6.583307173045707,6.948199059056621,7.312906171633954,7.677430110767569,8.041772430399705,8.4059346404364,8.7699182086382,9.133724562399092,9.497355090421587,9.860811144295443,10.224094039986758,10.587205059243606,10.950145450924078,11.312916432251848,11.675519190004197,12.037954881636995,12.40022463635065,12.762329556100951,13.124270716558309,13.486049168018576,13.847665936268571,14.209122023409032,14.570418408637588,14.93155604899424,15.292535880071467,15.653358816691112,16.014025753549994,16.374537565836,16.73489510981631,17.095099223399444,17.455150726672443,17.815050422414593,18.17479909658908
522681636,0.4465373503068589,51,0.5937077067046956,333.9547412353159,0.7239708756851057,2.513129619848784e-07,0.001463644132001,0.2003250620212446,0.183578670403597,1.208178311315374,0.540734207479774,1.303442265067446,909.689579851785,903.2658952694156,0.1611242293644399,10.256404959660031,299.37064924256015,56914.14055504033,0.0158029530491812,15.80295304918127,4.156028282801483,303.7074368521472,4.113663795914322,0.0018314765903896,300.11304559708043,0.115849831319375,4.155195448176456,4.154362669095603,4.153529977530473,4.152697373434251,4.151864856817657,4.151032427689357,4.150200086051423,4.14936783190293,4.148535665242667,4.147703586070395,4.146871594387256,4.146039690195792,4.145207873499819,4.144376144304272,4.14354450261503,4.14271294843879,4.141881481782938,4.141050102655454,4.140218811064827,4.139387607019995,4.13855649053028,4.137725461605346,4.136894520255159,4.136063666489954,4.135232900320209,4.134402221756614,4.133571630810053,4.132741127491594,4.131910711812462,4.131080383784025,4.130250143417791,4.129419990725388,4.128589925718561,4.127759948409158,4.126930058809123,4.126100256930492,4.125270542785385,4.124440916385999,4.123611377744604,4.122781926873537,4.1219525637852,4.121123288492053,4.120294101006614,4.119465001341452,4.118635989509187,4.1178070655224825,4.116978229394049,4.116149481136636,4.115320820763036,4.114492248287324,4.113663795914322,0.0019176625014065,0.0019159901261963,0.0019142774470408,0.0019125591266225,0.0019108408308664,0.0019091223579639,0.0019074030588085,0.0019056826383842,0.0019039610689454,0.0019022384463762,0.0019005149067231,0.0018987905882216,0.0018970656168434,0.0018953401024164,0.001893614139021,0.0018918878068546,0.0018901611743841,0.0018884343003406,0.0018867072354203,0.0018849800236826,0.001883252703681,0.001881525309374,0.0018797978708576,0.0018780704149585,0.0018763429657161,0.0018746155447778,0.0018728881717244,0.0018711608643412,0.0018694336388441,0.0018677065100705,0.0018659794916412,0.0018642525960981,0.0018625258350224,0.0018607992191367,0.0018590727583932,0.0018573464620507,0.0018556203387414,0.0018538943965302,0.0018521686429668,0.001850443085131,0.001848717729674,0.0018469925828545,0.0018452676505711,0.0018435429383913,0.0018418184515773,0.0018400941951099,0.0018383701737092,0.0018366463918542,0.0018349228538006,0.0018331995635996,0.0018314765903896,303.6561062740358,303.5533203027819,303.4499304012289,303.34606645587763,303.24186044406565,303.13744602710165,303.0329581386945,302.92853257159555,302.8243055654113,302.7204133985428,302.6169919871724,302.5141764941641,302.41210095065696,302.3108978930208,302.21069801770614,302.1116298563705,302.0138194734672,301.9173901883016,301.82246232332227,301.72915298019257,301.6375758449232,301.54784102310043,301.4600549059566,301.3743200677544,301.29073519467846,301.2093950451258,301.1303904410124,301.0538082894215,300.9797316336415,300.90823973237,300.8394081655991,300.77330896544885,300.7100107699801,300.6495789977998,300.5920760410761,300.53756147440026,300.4860922767718,300.4377230638577,300.39250632756125,300.3504926798541,300.3117310977752,300.2762691664514,300.24415331701954,300.215429056329,300.1901411853725,300.1683340034624,300.15005149528554,300.1353374980945,300.1242358464556,300.1167904921566,300.11304559708043,0.0,0.000622345717393,0.0024303873068818,0.0048021512835239,0.0071900004986439,0.009576747591664,0.011962394985756,0.0143469431871277,0.0167303927022218,0.0191127440372475,0.0214939976981809,0.0238741541907649,0.0262532140205095,0.0286311776926916,0.0310080457123553,0.0333838185843125,0.0357584968131419,0.0381320809031901,0.0405045713585713,0.0428759686831673,0.0452462733806278,0.0476154859543707,0.0499836069075815,0.0523506367432144,0.0547165759639914,0.0570814250724032,0.0594451845707089,0.0618078549609362,0.0641694367448815,0.0665299304241099,0.0688893364999557,0.0712476554735219,0.073604887845681,0.0759610341170744,0.0783160947881129,0.0806700703589769,0.0830229613296164,0.0853747681997508,0.0877254914688694,0.0900751316362315,0.0924236892008662,0.0947711646615729,0.0971175585169208,0.0994628712652499,0.1018071034046701,0.1041502554330624,0.1064923278480778,0.1088333211471385,0.1111732358274372,0.1135120723859378,0.115849831319375
410349486,0.8854353477535549,51,0.6937190362203343,105.930637304738,0.8700555924318186,7.003961389623754e-06,0.0075821856330092,0.9058179975495342,0.1769998631170976,0.2045815392349291,0.9976384499585051,1.8080027327803088,1017.0793380316716,1138.7075618791414,0.2775122932897829,45.992382666158505,299.8869232254143,60485.15509626062,0.2838832439923867,283.88324399238667,3.0085183113121228,299.48298146206326,2.948794354211684,0.3721047517443108,299.09219125441035,10.952835848621046,3.007357808681532,3.0061960924617703,3.00503368718895,3.0038705902093987,3.002706798938963,3.0015423108380346,3.0003771233954515,2.999211234117607,2.9980446405202943,2.9968773401227176,2.995709330442353,2.994540608991779,2.993371175467181,2.9922047175118034,2.991347742949416,2.9902465390454998,2.989071390554863,2.987895304596943,2.9867185018365285,2.9855409795762653,2.984362734849047,2.983183764699481,2.9820040661724403,2.980823636305153,2.979642472120619,2.978460570621221,2.977277928782348,2.976094543918422,2.9749111407498727,2.9738111482520706,2.972643598813744,2.971455403771809,2.9702664101366967,2.969076675398985,2.967886196588482,2.9666949706545998,2.9655029945309117,2.9643102651284585,2.9631167793163287,2.961922533932624,2.960727525760014,2.9595317516308266,2.9583354283339856,2.957181525974729,2.95600909181745,2.954808557393114,2.953607138473766,2.952404956953782,2.9512020098281657,2.9499982941547023,2.948794354211684,0.3744762205126402,0.3744368746280853,0.3743973957902568,0.3743577886774263,0.3743180561979428,0.3742782001980625,0.3742382218438783,0.3741981218352579,0.3741579005318861,0.374117558031425,0.3740770942200158,0.3740365088056844,0.3739958233239835,0.3741057994533042,0.3872418729692848,0.3768648132423282,0.3737150568602687,0.3736647688607801,0.3736238329194443,0.3735827662322121,0.3735415572959719,0.3735002065604752,0.3734587139896725,0.3734170792135425,0.3733753015768362,0.3733333801532641,0.3732913137448079,0.3732491026641146,0.3732360397580376,0.3767685737898997,0.3738903126509572,0.3730030773122926,0.3729584211885226,0.3729161890434055,0.3728738139885198,0.3728312925588712,0.3727886240330371,0.3727458074028987,0.3727028408400942,0.372659722968625,0.3726164513950298,0.3725730239258888,0.3725379559468096,0.3743287176653246,0.3735317600603264,0.3723277868623192,0.3722792286079514,0.3722358280297741,0.3721922825055433,0.3721485841039076,0.3721047517443108,299.4762947901537,299.4631819033657,299.4502312172067,299.43744621672704,299.42483043035173,299.41238743035507,299.4001208333514,299.3880343007955,299.3761315394909,299.3644163021088,299.3528923877129,299.34156364228954,299.33043395928973,299.3195072799913,299.30878634252304,299.2981657788561,299.2877338176576,299.27752000924045,299.2675286067648,299.2577638371144,299.24822997903084,299.23893136379127,299.2298723758046,299.2210574532087,299.2124910884822,299.2041778290616,299.1961222779664,299.1883290944358,299.1808029945562,299.1735485087338,299.16654078713213,299.1598078100368,299.1533614359219,299.14720669168133,299.14134864390286,299.13579242053464,299.1305432116041,299.12560626989983,299.1209869116901,299.1166905174293,299.1127225324837,299.10908846786697,299.1057939009839,299.1028444056667,299.1002304642947,299.09796387934523,299.0960599912831,299.094524760832,299.09336417608483,299.0925842966308,299.09219125441035,0.0,0.587863333624395,1.0814805956780942,1.5545113200868124,2.007813066927349,2.4422077631096477,2.858483176289326,3.2573943266393885,3.639664841076378,4.005988252198054,4.357029244111886,4.693424847257213,5.015785584248773,5.324696568695777,5.62071855887893,5.904388968097852,6.176222833433343,6.436713744864395,6.686334735083462,6.925539133952947,7.154761387012142,7.374417840156344,7.584907491960658,7.7866127148912465,7.979899946675495,8.165120353052139,8.342610463073804,8.512692778087748,8.675676355475298,8.83185736818731,8.981519641071147,9.124935164944498,9.262364589332757,9.394057694749588,9.520253845364604,9.641182422867686,9.757063242306655,9.8681069506433,9.974515408742226,10.076482057478026,10.17419226861797,10.267823681110682,10.35754652338525,10.4435239222406,10.525912198880894,10.604861152630098,10.68051433283677,10.753009299459086,10.822477872800045,10.889046372843223,10.952835848621046
78837051,0.7670693669898879,51,0.6020393129833179,303.7775344001672,0.8648676626905131,1.16031959296483e-06,0.0018677697099397,0.1167039136455117,0.4586055288668363,0.4920592712897452,0.4001635507706539,0.3917089400244426,982.7074909481314,1114.6826624804537,0.357827432031144,28.1863635299017,315.74450464507345,60947.66423758841,0.3462895171001123,346.2895171001123,1.7607453872905177,303.5341530192945,1.7360753377770597,0.0261926938502876,309.42661949196724,2.4849432642463443,1.760261707168863,1.7597779873144763,1.7592942697623466,1.7588105542743342,1.7583268406281427,1.7578431286136995,1.7573594180307166,1.7568757086869973,1.756392000397224,1.7559082929820684,1.7554245862675042,1.754940880084285,1.7544571742675157,1.7539734686563273,1.753489763093581,1.7530060574256527,1.7525223515022272,1.7520386451761472,1.7515549383032636,1.7510712307423144,1.7505875223548164,1.7501038130049775,1.74962010255961,1.7491363908880524,1.748652677862107,1.748168963355975,1.7476852472461992,1.7472015294116223,1.7467178097333178,1.7462340880945648,1.7457503643807928,1.7452666384795552,1.744782910280466,1.744299179675195,1.7438154465574016,1.7433317108227202,1.7428479723687296,1.7423642310948968,1.7418804869025726,1.741396739694946,1.7409129893770192,1.740429235855576,1.739945479039151,1.739461718838007,1.7389779551641005,1.7384941879310518,1.7380104170541375,1.7375266424502265,1.737042864037785,1.7365590817405376,1.7360753377770597,0.0263467937662703,0.0263439706873693,0.0263411309167508,0.026338275729108,0.0263354060702135,0.0263325226693751,0.0263296261100428,0.0263267168744984,0.0263237953725974,0.0263208619607032,0.0263179169545381,0.026314960638196,0.0263119932706587,0.0263090150906362,0.0263060263202369,0.0263030271677989,0.0263000178301036,0.0262969984941238,0.0262939693384232,0.0262909305342846,0.0262878822466279,0.0262848246347668,0.0262817578530309,0.0262786820512863,0.026275597375368,0.0262725039674441,0.0262694019663209,0.0262662915077012,0.0262631727244021,0.0262600457465409,0.0262569107016923,0.0262537677150229,0.0262506169094065,0.0262474584055231,0.0262442923219436,0.0262411187752026,0.0262379378798619,0.0262347497485649,0.0262315544920845,0.026228352219364,0.0262251430375539,0.0262219270520437,0.026218704366491,0.0262154750828463,0.0262122393013779,0.0262089971206903,0.0262057486377465,0.0262024939478843,0.026199233144834,0.026195966320759,0.0261926938502876,303.61024225878805,303.76056655433075,303.91143867165493,304.0628122798679,304.21463457950625,304.36684624766497,304.51938139316,304.6721675217286,304.8251255111962,304.978169596563,305.1312073648679,305.2841397596625,305.4368610949212,305.5892590781472,305.74121484244944,305.8926029872345,306.0432916273237,306.1931424500962,306.34201078032805,306.48974565244407,306.6361898897705,306.7811801904914,306.92454721989844,307.06611570870024,307.20570455698106,307.34312694347113,307.47819043999965,307.6106971306827,307.74044373565613,307.8672217392906,307.9908175224116,308.111012498678,308.2275832548188,308.34030169471635,308.44893518726667,308.553246718015,308.65299504464366,308.74793485624093,308.83781693658386,308.922388331458,309.00139252010115,309.07456959107355,309.14165642255125,309.202386867316,309.2564919425892,309.30370002479475,309.3437370494743,309.3763267164766,309.4011907004314,309.4180488665758,309.42661949196724,0.0,0.0649926283716342,0.1311969780102795,0.1965526336852006,0.2610704743297637,0.3247612394560917,0.3876355309297622,0.4497038147335475,0.5109764227085669,0.5714635542731413,0.6311752781196307,0.6901215338895459,0.7483121338271997,0.8057567644121815,0.862464987970924,0.9184462442676268,0.9737098520748054,1.0282650107237234,1.082120801634964,1.1352861898294015,1.1877700254198114,1.239581045083382,1.2907278735153602,1.3412190248640818,1.3910629041476108,1.4402678086522422,1.4888419293130846,1.536793352076958,1.5841300592478345,1.6308599308150444,1.676990745764466,1.7225301833729154,1.7674858244859637,1.8118651527793748,1.8556755560043872,1.8989243272170455,1.941618665991777,1.9837656796194227,2.025372384289928,2.0664457062598665,2.106992483005018,2.147019464358179,2.186533313632386,2.2255406087297627,2.264047843236149,2.3020614275017124,2.3395876897077104,2.376632876919588,2.413203156126578,2.449304615267991,2.4849432642463443
244966934,0.1802737069489009,51,0.4197758932629316,127.0171874762284,0.6466448388268485,3.528957981578392e-07,0.0509214864451214,0.3680630555783294,3.507374961356285,3.9290883140775423,0.4092199773242805,0.5717045619457624,942.8176451432614,1051.813795471176,0.2230480899173943,44.0570776123592,311.50264541825146,41774.35931787922,0.2671322571065588,267.1322571065588,1.635473002078968,316.9487952064796,1.6354708720025852,0.3676781055327793,316.6624266030566,4.982630613900134,1.6354729629868805,1.6354729238381656,1.6354728846383426,1.6354728453869851,1.6354728060836337,1.635472766727793,1.6354727273189231,1.6354726878564332,1.6354726483396724,1.6354726087679177,1.6354725691403582,1.635472529456076,1.6354724897140216,1.6354724499129771,1.6354724100515146,1.6354723701279346,1.635472330140185,1.6354722900857548,1.6354722499615333,1.635472209763631,1.6354721694871637,1.6354721291260228,1.635472088672686,1.6354720481181797,1.635472007452343,1.635471966664524,1.6354719257446568,1.635471884684374,1.6354718434776565,1.635471802120667,1.635471760610849,1.635471718945672,1.6354716771213926,1.6354716351320455,1.6354715929686898,1.6354715506188784,1.6354715080663138,1.6354714652906637,1.6354714222674664,1.6354713789680295,1.6354713353592076,1.6354712914030565,1.635471247056564,1.6354712022717637,1.63547115699649,1.635471111175805,1.6354710647538422,1.6354710176756602,1.6354709698887069,1.6354709213436929,1.6354708720025852,0.3676782198832574,0.3676782193862303,0.3676782188846825,0.3676782183782853,0.3676782178666602,0.3676782173493753,0.367678216825925,0.3676782162957169,0.3676782157580509,0.3676782152120862,0.3676782146568099,0.3676782140909766,0.3676782135130447,0.3676782129210778,0.3676782123126194,0.3676782116845131,0.3676782110326654,0.3676782103517404,0.3676782096347623,0.3676782088726754,0.3676782080539166,0.3676782071642469,0.3676782061872302,0.3676782051059852,0.3676782039067264,0.367678202583763,0.3676782011439176,0.3676781996070055,0.3676781980003599,0.3676781963493934,0.367678194669031,0.3676781929595591,0.3676781912068937,0.3676781893851786,0.3676781874597975,0.3676781853899694,0.3676781831309266,0.3676781806357271,0.367678177856381,0.3676781747437136,0.3676781712459513,0.3676781673073451,0.3676781628690005,0.3676781578733587,0.367678152271668,0.3676781460317755,0.3676781391430196,0.3676781316162776,0.3676781234794927,0.3676781147707577,0.3676781055327793,316.9433686019017,316.9327378221221,316.9222993270051,316.912053726201,316.9020016418137,316.8921437084998,316.8824805735704,316.8730128970925,316.86374135199304,316.8546666241629,316.84578941256297,316.8371104293309,316.82863039988933,316.82035006305534,316.8122701711512,316.804391490116,316.7967147996193,316.7892408931752,316.7819705782585,316.774904676422,316.7680440234144,316.7613894693008,316.754941878584,316.7487021303266,316.7426711182759,316.7368497509886,316.7312389519581,316.72583965974195,316.72065282809126,316.7156794260809,316.7109204382421,316.70637686469496,316.7020497212849,316.69794003971884,316.69404886770457,316.69037726909073,316.6869263240092,316.6836971290186,316.6806907972497,316.6779084585525,316.67535125964446,316.6730203642612,316.67091695330816,316.66904222501427,316.66739739508745,316.66598369687136,316.66480238150393,316.66385471807683,316.6631419937967,316.66266551414793,316.6624266030566,0.0,1.0834428006874568,1.9968379662302265,2.7031696819232844,3.243791609404396,3.656625573265316,3.971614633605741,4.211854978202725,4.395045795857888,4.534716582639623,4.6411974309123725,4.722370733105089,4.7842489919656845,4.831417372204927,4.867372029104922,4.8947784897060735,4.915668854413307,4.931592245186173,4.94372955461848,4.952980950823704,4.960032598541707,4.96540752800446,4.969504415492314,4.972627146801049,4.975007353460831,4.976821591633309,4.978204436973017,4.979258466225041,4.980061865642253,4.980674230409405,4.981140985155387,4.981496753396717,4.981767925816023,4.981974617865808,4.982132161897917,4.982252244496097,4.982343773373718,4.982413538139955,4.982466713948122,4.98250724538558,4.982538139081495,4.982561686737552,4.982579635125845,4.982593315664146,4.98260374318037,4.98261169119249,4.982617749288136,4.98262236686029,4.982625886443313,4.982628569122239,4.982630613900134
597443801,0.2933249861441901,51,0.2244050975238756,245.6737605154236,0.1728785554860374,5.483447043832443e-07,0.0496859132282408,0.4336928266290385,5.572690379247447,8.219277561450209,0.6788353495164821,0.930519297207458,1062.90184577254,1033.520939583512,0.1785109453834399,14.70143833524018,316.999334337974,47382.67962548488,0.0367854681207881,36.78546812078813,1.3966856053220873,315.45601613774494,0.0748952719020666,0.0002042334852328,315.55574956580654,1.4632906593458854,1.2678162791295016,1.1247016314147618,0.8790170551758423,0.4253603355436959,0.1724005254864812,0.1331755659952705,0.1191799904633239,0.1116775065949982,0.1067794312266326,0.1032124875285468,0.1004343259037925,0.0981715980917257,0.0962696097831954,0.0946331386764557,0.093199733223733,0.0919263635179723,0.0907821919688122,0.0897443996088495,0.0887956472333956,0.0879224624396282,0.0871141766534962,0.0863622023427095,0.0856595280896359,0.0850003574576938,0.0843798453053424,0.0837939016964781,0.0832390436813785,0.0827122816121331,0.0822110307899012,0.0817330419752697,0.0812763461380041,0.0808392100905571,0.0804201005358751,0.0800176546888492,0.079630656083241,0.0792580145057443,0.0788987492421603,0.0785519750021565,0.078216890025873,0.0778927659797158,0.0775789393285886,0.077274803933682,0.0769798046732243,0.0766934319215589,0.0764152167519661,0.0761447267525943,0.0758815623640765,0.0756253536628927,0.0753757575271459,0.0751324551957924,0.0748952719020666,0.3639613478428246,0.3564381437399642,0.3011248688785249,0.1883786063210649,0.0444710317801265,0.0131916492055863,0.0069387702330509,0.0045659705492137,0.0033537294114395,0.0026272954302188,0.0021468924944,0.0018072604900906,0.0015552998945906,0.00136145212158,0.0012080084865663,0.0010837378219132,0.0009811857902491,0.0008952175680942,0.0008221849995681,0.0007594274813454,0.0007049606539012,0.000657275495207,0.0006152047876086,0.0005778320534808,0.0005444280313487,0.0005144054645277,0.0004872863405899,0.0004626777667766,0.0004402539439191,0.0004197425176209,0.0004009141181101,0.0003835742545528,0.0003675569695733,0.000352719824838,0.0003389399038713,0.0003261105999082,0.0003141390151238,0.0003029438400472,0.0002924536131184,0.0002826052834295,0.0002733430169525,0.0002646171995961,0.000256383600358,0.0002486026654512,0.0002412389201727,0.0002342604598615,0.0002276385148905,0.0002213470774651,0.0002153625802546,0.0002096636201732,0.0002042334852328,315.44834127472075,315.4350195541512,315.4239354866248,315.41672587779857,315.4167196153816,315.4207134502187,315.42527653279217,315.4300011548714,315.43477996227466,315.43956792131473,315.4443404094425,315.4490815090065,315.45377970206096,315.4584259734172,315.4630128614517,315.4675339364341,315.47198349255945,315.47635635569685,315.4806477579384,315.484853252775,315.48896865608,315.4929900040926,315.49691352295514,315.5007356063133,315.50445279867347,315.50806178295386,315.5115593711424,315.5149424972903,315.5182082122841,315.5213536799848,315.524376174428,315.5272730778521,315.53004187937387,315.53268017417435,315.5351856630829,315.53755615247366,315.539789554402,315.54188388692614,315.54383727456474,315.5456479488534,315.5473142489671,315.54883462238143,315.5502076255506,315.55143192458246,315.5525062958933,315.55342962683045,315.554200916248,315.55481927502734,315.5552839265325,315.55559420699296,315.55574956580654,0.0,0.0280284244937713,0.0573398040850865,0.0867603167093352,0.1161889740082862,0.1456107887057644,0.1750256140192089,0.2044331216538445,0.2338326952540798,0.2632232471656243,0.2926030558496242,0.3219702201919144,0.3513246801966115,0.3806694896218852,0.4100081433484628,0.4393425225499033,0.4686733310379858,0.4980007847840014,0.5273249233499384,0.556645717038114,0.5859630982428528,0.6152769643291653,0.6445871659703942,0.6738934818987022,0.7031955733310606,0.732492902869448,0.7617845940378748,0.7910692291829634,0.8203448003341257,0.849609696348964,0.8788649795769118,0.9081141264905508,0.937359940557336,0.966603669425398,0.9958457120669064,1.0250861392553825,1.0543248994495584,1.0835618867248678,1.1127969576069572,1.1420299260790658,1.1712605435511376,1.2004884601424115,1.229713154873234,1.25893381262519,1.2881491322273957,1.3173571881609742,1.3465560393251437,1.3757458695021367,1.4049297657936437,1.434110847410042,1.4632906593458854
264203596,0.7205703779340985,51,0.7743123083181718,359.0064791178955,0.4350432376602715,1.5418357250710712e-07,0.0460810716595609,0.2600363896418072,0.5984416448947661,0.6650422448391471,0.8151187961942965,1.4648823897361334,987.0358214286506,969.9724418664564,0.2731267928672735,25.154405897813504,313.7835070892146,58659.843085404034,0.1913553974247114,191.35539742471136,0.1699509037767566,306.2696244156054,0.0634225515676455,0.0176946668641251,306.0682219916486,2.3448266631000125,0.1699406073214,0.1699232285649845,0.1698969421599506,0.1698597217941952,0.1698093335417017,0.1697433287440226,0.1696590366159021,0.1695535565267178,0.169423749923982,0.1692662318835065,0.1690773622929275,0.1688532367016968,0.1685896769094511,0.1682822214348444,0.1679261160695738,0.1675163046155161,0.1670474196835588,0.1665137734021959,0.1659093482465873,0.1652277886107511,0.1644623936374261,0.16360611166335,0.1626515368165307,0.1615909084296604,0.1604161140723153,0.1591186971507196,0.157689870191391,0.1561205351176417,0.1544013120488818,0.1525225783716935,0.150474520120025,0.1482471979556255,0.1458306303659904,0.1432148969847159,0.1403902652883579,0.137347344177486,0.134077268262981,0.1305719168546859,0.1268241717600956,0.1228282179219608,0.118579890677644,0.1140770727613098,0.1093201431381425,0.1043124781302882,0.0990610028618005,0.0935767876660507,0.0878756793817763,0.0819789514988133,0.075913948733569,0.069714692041489,0.0634225515676455,0.0466478355356857,0.0466352570920528,0.046618778475202,0.0465978146095545,0.0465717393849117,0.0465398841244948,0.0465015358764079,0.0464559355265767,0.0464022757357966,0.0463396987096568,0.0462672938163889,0.0461840950751256,0.0460890785573949,0.0459811597961028,0.0458591912912444,0.0457219599421218,0.0455681840392441,0.0453965097051975,0.0452055072762944,0.0449936682407405,0.0447594025903031,0.0445010363412317,0.0442168094710332,0.0439048744534774,0.043563295598745,0.0431900494261349,0.04278302633967,0.042340033929135,0.0418588022810669,0.0413369917050189,0.040772203416,0.0401619937025665,0.0395038922688765,0.0387954254464645,0.0380341451461241,0.0372176643795654,0.0363437003988284,0.0354101264592619,0.0344150333132922,0.0333568015063043,0.0322341856029586,0.0310464112213789,0.029793285645395,0.0284753224296476,0.0270938798395485,0.0256513122690239,0.024151132586269,0.0225981823775129,0.0209988042860497,0.0193610096651003,0.0176946668641251,306.2717726675954,306.2755988449796,306.2789661717633,306.281870088518,306.2843064620272,306.2862716511033,306.28776257402245,306.288776777606,306.289312507995,306.28936878317046,306.2889454672783,306.2880433468175,306.2866642087414,306.28481092050845,306.28248751208355,306.27969925984314,306.2764527723158,306.27275607771986,306.2686187133,306.26405181641456,306.2590682171829,306.2536825323753,306.2479112601527,306.241772875134,306.23528792311896,306.22847911460656,306.2213714160318,306.213992137385,306.2063710145772,306.19854028456257,306.1905347508274,306.18239183638786,306.1741516209135,306.1658568579947,306.1575529679097,306.14928800050484,306.1411125620037,306.13307969869595,306.12524472955283,306.11766501889394,306.1103996793312,306.1035091943817,306.09705494946803,306.0910986596037,306.0857016820238,306.08092420256776,306.0768242859596,306.07345678258537,306.0708720882174,306.06911475894844,306.0682219916486,0.0,0.0477638615217466,0.0969703969734514,0.1461662352590375,0.1953532630896771,0.24453290921827,0.2937062922122672,0.3428743058272399,0.3920376747431657,0.4411969944494391,0.4903527590750793,0.5395053824829121,0.5886552146854777,0.6378025527658833,0.68694765120884,0.7360907291366123,0.7852319763737622,0.8343715582661125,0.883509619628916,0.932646287777812,0.981781675289543,1.0309158821091908,1.080048997304106,1.1291811005802193,1.1783122635341206,1.2274425507569109,1.276572020556275,1.32570072606272,1.3748287166458837,1.4239560396937452,1.4730827155743862,1.5222083581678416,1.5713293519653095,1.6204302928374656,1.6694720574204671,1.718383477622695,1.767060200482793,1.815369548621777,1.863158691034112,1.9102638520942312,1.956519090791024,2.0017638480427813,2.0458489173949657,2.0886407835033807,2.130024442359704,2.1699049056398936,2.208207626672522,2.244878087102215,2.2798807652358213,2.313197678836575,2.3448266631000125
315293911,0.2053152989225794,51,0.2678188333606061,374.28234591728966,0.2825199960389078,8.247331206865654e-06,0.0017572976848138,1.076354902672597,1.8701459146888608,0.3782184287773742,0.4308986350734626,1.9941603441094,974.1672963801348,1159.2836466403155,0.3965454201623236,18.36898711842116,305.8325525921223,59003.16506830775,0.3304973718583986,330.49737185839865,0.2360821166811241,316.71603889539387,0.0,0.0,316.59668722375494,4.327471679386152,0.2271093698149884,0.2181318056273428,0.2092138507384247,0.2003566055368064,0.1915611750785352,0.1828286597544888,0.1741601423754616,0.16555667026091,0.1570192303118537,0.1485487213260214,0.1401468921629704,0.1318211665837705,0.1235534324201828,0.1153519219497598,0.1072182741980787,0.0991505854173439,0.0911452555984772,0.0831959315273083,0.0752915485474402,0.0674131168135671,0.0595325906960058,0.0516406431261909,0.0437793212784137,0.0360188815155561,0.0284550821093739,0.0212196795809389,0.0144980576686815,0.0085600726692651,0.0038142220259093,0.0008611017769198,2.4677052735947117e-05,9.611319140488327e-08,3.7433053418233935e-10,9.559287730441937e-13,0.0,0.0,0.0,0.0,0.0,0.0,0.0,0.0,0.0,0.0,0.0,0.0,0.0,0.0,0.0,0.0,0.0,0.1986278649398744,0.1962792992226331,0.1938321900454771,0.1912781040254334,0.1886074406426928,0.1858091995309718,0.1828706844709265,0.1797771216696093,0.1765111596800117,0.1730522207206717,0.1694031590331974,0.1657101723967745,0.1612062588100657,0.1566077924392114,0.1516905924565887,0.1463050715056738,0.1403411258189377,0.1336409121865685,0.1259644792066838,0.1169381238113883,0.106084833415073,0.0936474104692583,0.0807650501204725,0.06783495498097,0.0550214045896695,0.0425341189915632,0.0306570599629365,0.0197912396960318,0.0105287610959524,0.0037646595589759,0.0005187902423384,6.82436858867047e-06,2.6469917477658123e-08,0.0,2.099339243280857e-07,0.0,2.0934431593410394e-07,0.0,0.0,0.0,0.0,0.0,0.0,0.0,0.0,2.112897813349229e-07,0.0,2.0937153771316761e-07,0.0,0.0,0.0,316.7125997574588,316.7059507282785,316.699520991944,316.69330980119616,316.68731638073183,316.68153992709546,316.67597960877873,316.6706345666068,316.66550391452154,316.66058674091835,316.65588211074856,316.65138904769395,316.647106405029,316.643033432591,316.63916919590054,316.6355127206727,316.63206307073466,316.6288193852766,316.62578093922593,316.62294724649394,316.62031823422967,316.6178944468357,316.6156766430896,316.61366466842566,316.6118568348175,316.6102493605203,316.60883557981646,316.6076047670418,316.60654028626544,316.60561655074014,316.6047947229088,316.60402852028386,316.6033001882427,316.6026092861192,316.6019559101156,316.60134015919846,316.60076213194014,316.6002219285559,316.5997196480663,316.5992553912035,316.5988292586844,316.59844135163075,316.59809177157325,316.5977806204525,316.59750800062085,316.5972740148405,316.5970787667569,316.5969223590729,316.59680489669074,316.5967264831593,316.59668722375494,0.0,0.0851073553618208,0.1717078712270851,0.2583073131211878,0.3449056948116326,0.4315030298580431,0.5180993297030436,0.6046946050981677,0.6912888670845422,0.7778821291106276,0.8644744034968992,0.951065700921315,1.0376560309118974,1.1242454050868225,1.2108338359328916,1.2974213347733417,1.3840079115615194,1.4705935752730837,1.557178337114515,1.643762208837129,1.7303452010105909,1.816927322982784,1.9035085831806489,1.9900889921938905,2.0766685611157656,2.163247299950727,2.2498252175319107,2.3364023217056595,2.422978622348185,2.509554129632265,2.596128853444858,2.682702801917781,2.7692759831588107,2.855848405444218,2.942420078934316,3.0289910128865776,3.1155612151008327,3.202130693156442,3.2886994545166197,3.3752675087034163,3.461834864700669,3.548401530105689,3.6349675120251015,3.721532817138865,3.8080974542425214,3.8946614320351953,3.981224758027808,4.067787438958196,4.154349480803629,4.240910891529328,4.327471679386152
667656199,0.597819570590668,51,0.4599412333476205,281.65530601667353,0.3236743486393487,3.7079760656150577e-07,0.0046244199285764,6.030291077547024,2.1598508448811544,0.4053761261425082,0.3455730343996109,0.2590740551312195,1158.7785693854803,1149.2407298194594,0.3219053175884579,16.296507143270716,311.9031176613299,46417.89822755702,0.4348919709796285,434.8919709796286,2.2283659372134936,302.0446802450211,0.0,0.0,301.22036856244887,77.92076740899428,2.171723437743205,2.1133114341898085,2.052837813553508,1.989892914379664,1.9238725444469635,1.853789900233004,1.7777950755451362,1.6926428433475234,1.5954093684182526,1.484289826480778,1.357587170432343,1.2136910759935304,1.0513016335827634,0.8698787113344806,0.6705631014526473,0.4582177147662785,0.2465528776929682,0.0723594938114707,0.003207249401868,1.1130353042786238e-06,0.0,0.0,0.0,0.0,0.0,0.0,0.0,0.0,0.0,0.0,0.0,0.0,0.0,0.0,0.0,0.0,0.0,0.0,0.0,0.0,0.0,0.0,0.0,0.0,0.0,0.0,0.0,0.0,0.0,0.0,0.0,3.388524273632848,3.356597335771042,3.320789085264511,3.2798273797634536,3.2315662441736364,3.171899534245282,3.091772105915433,2.9764018026631955,2.827165570897362,2.652957827019713,2.452335357157502,2.2225152452862686,1.9609344430075424,1.6658682474895312,1.3375904324458765,0.9808179425619156,0.6104921989568644,0.267370687643879,0.0479951061456331,0.0009867668432152,0.0,0.0,0.0,0.0,0.0,0.0,0.0,0.0,6.497200213794494e-08,0.0,0.0,0.0,0.0,0.0,0.0,0.0,6.495370797175813e-08,0.0,6.489050706692138e-08,0.0,0.0,0.0,0.0,0.0,0.0,0.0,0.0,0.0,0.0,0.0,0.0,301.53617236945024,300.5557533399852,299.6078347697912,298.694125103777,297.81659635059555,296.977640895286,296.180379337608,295.4293534304291,294.7316486850559,294.0966587391744,293.5352091601494,293.0594762976898,292.6829224753191,292.4200543766472,292.28582595728585,292.2943121963908,292.45576638694286,292.7696174786035,293.2061884599094,293.68234231239325,294.14611938768445,294.59506939840526,295.02925802040323,295.44874428485366,295.8535795628237,296.243807585039,296.6194644270969,296.9805784922973,297.327170492174,297.65925342916194,297.9768325543328,298.2799053653372,298.56846155860586,298.84248299799594,299.101943674864,299.34680966305075,299.57703906829744,299.79258197620425,299.99338037152387,300.17936809848,300.3504707495027,300.50660561020766,300.6476815503684,300.7735989271995,300.88424947616795,300.97951619301955,301.05927320673504,301.1233856431309,301.17170947881897,301.2040913852354,301.22036856244887,0.0,1.542266272781487,3.101358783715536,4.660428071686834,6.2194739191519615,7.778496939239901,9.337498823600956,10.896480580787276,12.455442103345456,14.014383839660194,15.573307290073217,17.13221355073584,18.691102577072797,20.24997449778128,21.808830530023236,23.36767188132441,24.92649867975945,26.48531075501841,28.044108929723336,29.602894458893324,31.161667763734243,32.720428519893765,34.27917706860408,35.83791457095319,37.39664177250026,38.955358428891465,40.51406442072579,42.0727606126809,43.6314479852844,45.19012660752687,46.74879606747261,48.307456754596,49.866109696204674,51.42475537121594,52.983393370698046,54.54202357226805,56.1006467852592,57.65926382024125,59.21787457496543,60.77647857989473,62.3350761872576,63.89366831775578,65.4522553237931,67.0108367157748,68.56941231872456,70.12798286359666,71.68654907385346,73.24511078450449,74.8036674674472,76.36221939315611,77.92076740899428
