seed,L,Nz,eps,rho_B,u,D_ax,kL,qmax,b,n,lam_z,rho_g,cp_g,cp_s,D_col,h_w,T_wall,dH,dt,t_end,C_in,T_in,C_out_final,q_out_final,T_out_final,N_ads_final,C_z0,C_z1,C_z2,C_z3,C_z4,C_z5,C_z6,C_z7,C_z8,C_z9,C_z10,C_z11,C_z12,C_z13,C_z14,C_z15,C_z16,C_z17,C_z18,C_z19,C_z20,C_z21,C_z22,C_z23,C_z24,C_z25,C_z26,C_z27,C_z28,C_z29,C_z30,C_z31,C_z32,C_z33,C_z34,C_z35,C_z36,C_z37,C_z38,C_z39,C_z40,C_z41,C_z42,C_z43,C_z44,C_z45,C_z46,C_z47,C_z48,C_z49,C_z50,q_z0,q_z1,q_z2,q_z3,q_z4,q_z5,q_z6,q_z7,q_z8,q_z9,q_z10,q_z11,q_z12,q_z13,q_z14,q_z15,q_z16,q_z17,q_z18,q_z19,q_z20,q_z21,q_z22,q_z23,q_z24,q_z25,q_z26,q_z27,q_z28,q_z29,q_z30,q_z31,q_z32,q_z33,q_z34,q_z35,q_z36,q_z37,q_z38,q_z39,q_z40,q_z41,q_z42,q_z43,q_z44,q_z45,q_z46,q_z47,q_z48,q_z49,q_z50,T_z0,T_z1,T_z2,T_z3,T_z4,T_z5,T_z6,T_z7,T_z8,T_z9,T_z10,T_z11,T_z12,T_z13,T_z14,T_z15,T_z16,T_z17,T_z18,T_z19,T_z20,T_z21,T_z22,T_z23,T_z24,T_z25,T_z26,T_z27,T_z28,T_z29,T_z30,T_z31,T_z32,T_z33,T_z34,T_z35,T_z36,T_z37,T_z38,T_z39,T_z40,T_z41,T_z42,T_z43,T_z44,T_z45,T_z46,T_z47,T_z48,T_z49,T_z50,Qtot_t0,Qtot_t1,Qtot_t2,Qtot_t3,Qtot_t4,Qtot_t5,Qtot_t6,Qtot_t7,Qtot_t8,Qtot_t9,Qtot_t10,Qtot_t11,Qtot_t12,Qtot_t13,Qtot_t14,Qtot_t15,Qtot_t16,Qtot_t17,Qtot_t18,Qtot_t19,Qtot_t20,Qtot_t21,Qtot_t22,Qtot_t23,Qtot_t24,Qtot_t25,Qtot_t26,Qtot_t27,Qtot_t28,Qtot_t29,Qtot_t30,Qtot_t31,Qtot_t32,Qtot_t33,Qtot_t34,Qtot_t35,Qtot_t36,Qtot_t37,Qtot_t38,Qtot_t39,Qtot_t40,Qtot_t41,Qtot_t42,Qtot_t43,Qtot_t44,Qtot_t45,Qtot_t46,Qtot_t47,Qtot_t48,Qtot_t49,Qtot_t50
62954304,0.4054404377404337,51,0.7936579046899441,435.7507205508797,0.30748100822054,2.5618036377999084e-06,0.0413500698262397,0.1005947143100779,3.7725607732696695,0.5095322359785003,0.8467910964504646,1.4760526453058336,906.4756922854071,820.0672997181881,0.4779723874210337,44.73265128151841,302.5504815897706,51371.29816108571,0.3937345286016173,393.7345286016173,4.772612388240463,304.4116577073178,4.772612074692306,0.0818332298648562,304.36276053229034,3.042866493978592,4.772612384087401,4.772612379862872,4.772612375570477,4.77261237120955,4.772612366779418,4.7726123622794026,4.772612357708817,4.7726123530669655,4.772612348353147,4.772612343566648,4.772612338706745,4.772612333772709,4.772612328763794,4.772612323679249,4.772612318518307,4.772612313280189,4.772612307964102,4.772612302569336,4.772612297109977,4.772612291925635,4.772612287338923,4.772612281851564,4.77261227600823,4.772612270073401,4.77261226405414,4.772612257949677,4.772612251759137,4.772612245481623,4.772612239116228,4.772612232662016,4.772612226118036,4.772612219483305,4.772612212756819,4.77261220593754,4.772612199024396,4.772612192016274,4.772612184912021,4.77261217771074,4.7726121704259645,4.772612163094686,4.772612155604747,4.772612147980471,4.772612140254176,4.772612132426208,4.772612124495449,4.772612116460726,4.772612108320824,4.772612100074479,4.772612091720373,4.772612083257131,4.772612074692306,0.0818332371946454,0.081833237083195,0.0818332369706448,0.0818332368569871,0.0818332367422118,0.0818332366263075,0.0818332365092617,0.0818332363910611,0.0818332362716913,0.0818332361511373,0.0818332360293831,0.0818332359064117,0.0818332357822054,0.0818332356567451,0.081833235530011,0.0818332354019816,0.0818332352726342,0.0818332351420802,0.0818332350344941,0.0818332354941128,0.081833236495571,0.0818332349912007,0.0818332343971014,0.0818332342451984,0.0818332341051152,0.0818332339637465,0.0818332338209216,0.0818332336766104,0.0818332335307819,0.0818332333834018,0.0818332332344331,0.0818332330838342,0.0818332329315599,0.0818332327775584,0.0818332326217723,0.0818332324641362,0.0818332323045761,0.0818332321434988,0.081833232004991,0.0818332319285169,0.0818332316644956,0.0818332314411018,0.0818332312717452,0.081833231102975,0.0818332309323429,0.0818332307597583,0.0818332305851497,0.0818332304084361,0.0818332302295244,0.0818332300483083,0.0818332298648562,304.4107165245172,304.4088718018808,304.407062021838,304.40528724805847,304.4035475451599,304.40184297871167,304.40017361523945,304.39853952222893,304.3969407681303,304.39537742236257,304.3938495553176,304.3923572383643,304.3909005438537,304.3894795451225,304.3880943164979,304.386744933302,304.38543147185624,304.3841540094859,304.38291262452475,304.3817073963183,304.3805384051992,304.3794057324933,304.37830946068783,304.3772496732529,304.3762264546716,304.37523989046764,304.3742900672109,304.3733770725225,304.3725009950794,304.3716619246199,304.3708599519481,304.37009516893926,304.36936766854484,304.3686775447976,304.3680248928169,304.36740980881353,304.3668323900955,304.366292735073,304.36579094326373,304.365327115297,304.36490135291723,304.3645137590025,304.36416443755786,304.3638534937205,304.36358103376784,304.36334716512323,304.36315199636203,304.362995637217,304.36287819858416,304.36279979252856,304.36276053229034,0.0,0.793953534993564,1.4038729876439464,1.84896561965542,2.1734710191279456,2.40991846500866,2.5821346495059663,2.7075333242938635,2.7988239145273908,2.865274110096154,2.913637812108901,2.948834912149938,2.974448245241246,2.9930863922238125,3.0066482994183814,3.016516161698224,3.023695951678796,3.0289197724909296,3.03272038668265,3.035485475611879,3.037497136783083,3.038960632419832,3.040025312786762,3.0407998433153622,3.0413632857144024,3.04177316159604,3.042071320095045,3.0422882073968367,3.04244597333977,3.042560731789364,3.0426442052550944,3.0427049214638244,3.0427490839318274,3.042781205340036,3.0428045683301197,3.042821560738411,3.042833919477388,3.042842907955214,3.0428494451429904,3.0428541994654563,3.042857657101082,3.042860171665562,3.0428620003523976,3.0428633302216856,3.0428642973223394,3.0428650006011684,3.042865512019867,3.042865883913635,3.0428661543433893,3.0428663509886,3.042866493978592
622506488,0.8720343244507642,51,0.6124822576935662,51.26225030509153,0.5506641850600595,3.544620527820449e-06,0.0074108241860616,1.9618033062630904,0.4577198589912993,8.211793163501094,0.391250718808086,1.8739254621363493,869.86697733515,847.7787484427381,0.3720514173743414,44.847793952961,315.5084607930627,40937.29277697473,0.3988332389198293,398.8332389198293,1.7533704782785982,312.8404166218272,1.7263874140288755,0.2124617671558049,313.12980959506694,4.186169962358416,1.7530751924631829,1.7527677201854115,1.7524484143574952,1.7521174676700777,1.7517750474967992,1.7514213117157045,1.751056417000122,1.7506805222641275,1.750293789292232,1.74989638200938,1.749488465375801,1.7490702044728694,1.748641763997041,1.748203308137199,1.7477550006898317,1.7472970052461068,1.7468294853265431,1.7463526044035504,1.7458665258109662,1.7453714125774935,1.7448674272341549,1.744354731639223,1.743833486846286,1.7433038530211395,1.7427659893976963,1.7422200542552824,1.7416662048994187,1.7411045976333284,1.740535387714795,1.739958729299876,1.7393747753794655,1.7387836777161991,1.7381855867880074,1.7375806517419,1.736969020358402,1.7363508390245423,1.73572625271198,1.7350954049568057,1.7344584378385068,1.7338154919570252,1.7331667064082323,1.7325122187591204,1.7318521650243708,1.7311866796457562,1.730515895475218,1.729839943761734,1.7291589541414496,1.728473054630164,1.7277823716172551,1.7270870299571144,1.7263874140288755,0.2614329572799727,0.260479754649043,0.259526186719678,0.2585698882642341,0.2576097885592039,0.2566456125872847,0.2556775067170883,0.2547057957296169,0.2537308400752384,0.2527529657716377,0.2517724440226663,0.25078949987984,0.2498043324086154,0.2488171340228062,0.2478281026683831,0.24683744563809,0.2458453769999676,0.2448521118633573,0.2438578604784139,0.2428628241337507,0.2418671935798494,0.2408711496866664,0.2398748654566248,0.2388785083822444,0.2378822423486366,0.2368862286623883,0.2358906261748816,0.2348955907469563,0.2339012744260351,0.2329078246873012,0.2319153839745099,0.2309240896237227,0.2299340741179176,0.2289454655358681,0.2279583880356343,0.2269729622419513,0.225989305466322,0.2250075317541101,0.2240277518043596,0.2230500728343144,0.22207459846022,0.2211014286452876,0.2201306597351298,0.2191623845713517,0.2181966926534301,0.2172336703112974,0.2162734008556236,0.2153159646857016,0.2143614393508822,0.2134098997046987,0.2124617671558049,312.84603981645955,312.8569237556545,312.8675819664728,312.87801634651186,312.88822871080174,312.8982207994398,312.90799427942693,312.9175507434068,312.92689170706143,312.9360186061935,312.9449327939991,312.9536355386779,312.96212802131464,312.9704113338857,312.9784864772458,312.98635435900627,312.9940157912723,313.0014714882564,313.0087220638049,313.0157680288788,313.02260978901506,313.02924764177595,313.0356817741806,313.04191226009937,313.0479390575919,313.0537620061714,313.05938082398404,313.0647951049003,313.0700043155172,313.0750077920742,313.0798047372859,313.084394217089,313.0887751573019,313.09294634019034,313.0969064009325,313.1006538239751,313.10418693927426,313.10750391841447,313.1106027706013,313.1134813385237,313.1161372940819,313.1185681339773,313.12077117515923,313.1227435501236,313.12448220205675,313.12598387981893,313.1272451327587,313.12826230535336,313.12903153166707,313.12954872962075,313.12980959506694,0.0,0.1647619224649288,0.3433678466376722,0.5150718858518465,0.6801692245060053,0.8389393368187817,0.9916471002030236,1.138543792389935,1.279868005609971,1.415846485357141,1.5466949005828636,1.672618551538621,1.793813020911679,1.910464773372334,2.022751708171732,2.130843668993128,2.234902914863373,2.335084555572197,2.4315369547215515,2.524402103232964,2.613815965874557,2.6999088031289875,2.7828054705061285,2.862625697208119,2.9394843458771365,3.013491654996197,3.084753465368714,3.1533714319720203,3.219443222362042,3.283062702699796,3.3443201123739303,3.403302228106478,3.460092518350116,3.5147712887138964,3.567415819089873,3.6181004930944174,3.666896920385165,3.713874052366291,3.7590982917513385,3.802633596413112,3.844541577914293,3.884881595079734,3.923710842941672,3.9610844373621306,3.997055495612184,4.031675213165353,4.064992936942052,4.097056235223376,4.127910964435596,4.157601332991221,4.186169962358416
726401131,0.6536080785245222,51,0.659751443324099,283.09576597768574,0.5138955468530768,1.8602220134741613e-07,0.0044558011322883,0.9013241435871454,2.196303495254701,1.508220732612504,0.2532551635045825,1.6059054634058043,1049.729152299186,1100.4887956971893,0.1011794698060282,42.38805159297984,312.34520195433805,35517.72165088256,0.0861483783390693,86.14837833906937,4.659746345766392,316.64929397712547,3.185463472500317,0.2674480789299163,308.40485010735125,17.599671192559402,4.630757294075703,4.601771097169948,4.572788454286362,4.543809194290375,4.51483306750126,4.485859752502891,4.456888893826096,4.427920171558734,4.398953374181866,4.36998842794636,4.341025367143948,4.3120642811703,4.283105279266086,4.254148477168343,4.225193990640943,4.196241931456041,4.167292408515685,4.138345530965498,4.109401409203782,4.080460155115488,4.051521883112394,4.022586710748952,3.9936547585920095,3.964726150349764,3.935801013136083,3.9068794774007936,3.8779616768828538,3.849047748720572,3.820137833441568,3.79123207491794,3.7623306204176528,3.733433620618776,3.70454122958904,3.675653604816672,3.6467709072315744,3.617893301202196,3.5890209545588254,3.560154038614576,3.53129272817049,3.5024372015340237,3.47358764053596,3.444744230536522,3.41590716043764,3.3870766226924065,3.35825281330627,3.32943593183978,3.300626181406755,3.271823768664976,3.243028903804942,3.214241800554116,3.185463472500317,0.2788621104014716,0.2787604645860383,0.2786529328535654,0.2785380430648418,0.2784140962509164,0.2782795305716921,0.2781335561955857,0.27797681216045,0.2778114331846564,0.2776401562936726,0.2774651053066117,0.277287313214383,0.277107085331743,0.2769244496192451,0.2767392979788009,0.276551436507315,0.2763606910810586,0.2761669482259687,0.2759701117322022,0.2757700865929927,0.275566795461424,0.2753601697974396,0.275150134385291,0.2749366125193327,0.274719528638754,0.274498801300493,0.2742743434843273,0.2740460656513213,0.2738138730912419,0.2735776650191795,0.2733373363587947,0.2730927767738492,0.2728438697410611,0.2725904933813284,0.2723325200277417,0.2720698154811155,0.2718022392980788,0.2715296444760348,0.2712518768466003,0.2709687750578225,0.2706801702345076,0.270385885434562,0.2700857354382548,0.2697795263367281,0.2694670549911471,0.2691481086755217,0.2688224645739629,0.2684898891980999,0.2681501378965542,0.2678029542470837,0.2674480789299163,316.49473940922604,316.1950363231945,315.9007498682176,315.61188408475385,315.3284428395653,315.05042990875006,314.7778490649242,314.51070415737223,314.24899917329384,313.9927382785403,313.741925853392,313.49656654510494,313.25666534628647,313.0222276933224,312.7932595773582,312.56976766567186,312.351759432845,312.1392433001171,311.9322287824215,311.73072664407914,311.5347490636576,311.3443098079125,311.1594244151725,310.9801103886388,310.8063873996987,310.6382775013877,310.4758053522907,310.3189984510404,310.16788738150257,310.0225060688334,309.88289204654586,309.7490867346657,309.6211357290928,309.49908910226884,309.38300171521223,309.2729335409882,309.16894999967866,309.07112230488474,308.979527821798,308.8942504368693,308.8153809390864,308.7430174128698,308.6772656425917,308.6182395287136,308.5660615155355,308.52086303055194,308.4827849354015,308.4519779884049,308.4286033186841,308.41283291186284,308.40485010735125,0.0,0.2918957142032963,0.7124003387829211,1.1297244733830232,1.5439419572688882,1.9550751339027952,2.363146206677454,2.76817724117691,3.170190165254678,3.5692067691481864,3.9652487056276007,4.358337490177155,4.748494501207332,5.135740980296146,5.5200980324580575,5.901586626438955,6.280227595035839,6.656041635439862,7.029049309601435,7.399271044616212,7.766727133130789,8.131437733767022,8.493422871563935,8.852702438436225,9.209296193648418,9.56322376430378,9.91450464584714,10.263158202580817,10.609203668192842,10.952660146296802,11.29354661098253,11.631881907377029,11.967684752215016,12.30097373441834,12.6317673156839,12.960083831079348,13.28594148964612,13.609358375009272,13.93035244599367,14.248941537246118,14.56514335986278,14.878975502021763,15.190455429620329,15.499600486916234,15.806427897173158,16.110954763309536,16.41319806855064,16.713174677083636,17.010901334715154,17.306394669531258,17.599671192559402
270817941,0.5040721739825943,51,0.7111096897005094,184.9614427988593,0.4751526854271289,3.636622165893344e-06,0.0067733686659525,0.7253569380583519,0.3960693616023379,0.219187445587598,0.2933218512897939,0.742450245426485,810.9014185658402,959.038991060878,0.3460823490101624,44.02762659081615,309.2880761503419,46265.60512614636,0.3051804197981854,305.18041979818537,1.0276962239065015,314.050954112971,0.9448010944149734,0.2780129768123595,310.9502167405962,7.750295946631402,1.026147580381605,1.0245951213041793,1.023040001897225,1.0214822024269954,1.0199217029399557,1.018358483218802,1.0167925227487324,1.0152238006889114,1.013652295846382,1.0120779867395395,1.010500968479926,1.00897093598838,1.007481779522769,1.0058928901061903,1.0043003478007444,1.002704889305854,1.0011064911946703,0.999505128681578,0.9979007765029396,0.9962934088643058,0.9946829993881164,0.9930695210603324,0.9914529521847848,0.989838980973102,0.9882492013696492,0.9866214327436904,0.9849898787197928,0.9833551238809054,0.981717139361849,0.9800758947813796,0.9784313589900951,0.9767834999854668,0.9751322848159056,0.9734776795805044,0.9718198049288068,0.9701777358859912,0.9685159125582844,0.9668452419378202,0.9651710401195788,0.9634932843336406,0.9618119370198692,0.9601269594641751,0.9584383116756188,0.95674595217429,0.9550498383213324,0.9533506037031764,0.951661474242412,0.9499523456418676,0.9482387585136371,0.9465212534068286,0.9448010944149734,0.2855523154484605,0.2854280251069609,0.2853030218925273,0.2851773001951842,0.2850508526853357,0.284923670837706,0.2847957452044332,0.2846670655528214,0.284537620927987,0.284407399680108,0.2842785184833676,0.2854817736091438,0.286525653138987,0.2837995014135924,0.2836454147967419,0.2835108430489702,0.2833754339339607,0.2832391493245136,0.2831019746451895,0.2829638938766975,0.2828248895670988,0.2826849426788529,0.282544077906524,0.282555044592412,0.2831461588420797,0.2820703634872098,0.2819100259527267,0.2817651091969019,0.2816191875928379,0.2814722184475844,0.2813241790498686,0.2811750443685868,0.2810247867533199,0.2808733753371004,0.2807245662111011,0.2810876257974501,0.2804975869679233,0.2801990001845024,0.2800424847910929,0.2798851037315835,0.2797264584900988,0.2795665155691469,0.2794052381175784,0.2792425835222634,0.2790785041833543,0.2789308710899155,0.2791381882144069,0.2785383375079724,0.2783542364016063,0.2781842982464576,0.2780129768123595,313.99881413798363,313.8964651604438,313.7952386418963,313.6951643720889,313.59627263071604,313.49859418740147,313.40216030177686,313.30700272364624,313.21315369323474,313.1206459415218,313.0295126906585,312.93978758360254,312.85146035412737,312.7645258670471,312.67910447391984,312.5952325811244,312.5129464219016,312.4322827248474,312.3532787157263,312.27597211858506,312.20040115699106,312.1266045553937,312.0546215406188,311.984491841991,311.9162506043827,311.8499140488808,311.785554042995,311.7232128909222,311.6629328684749,311.6047567636284,311.5487278794363,311.49489003638195,311.4432875749013,311.3939653580882,311.34696877460635,311.30234361558445,311.2601191120387,311.2203564863285,311.183107960544,311.1484215916512,311.11634596537584,311.0869302118803,311.06022400957653,311.0362775891733,311.0151417380402,310.9968678048703,310.9815071076702,310.96909965382184,310.9597126799607,310.9534003116453,310.9502167405962,0.0,0.3364356927890432,0.671125333626298,0.9930396400428328,1.3026474236916763,1.6004026738928931,1.8867446587056624,2.1620980997097123,2.426873403857124,2.681466937982682,2.9262613348384408,3.1616258219781983,3.387916566687364,3.605477031590932,3.81463833668825,4.015719624437766,4.209028425205527,4.3948610209409225,4.573502805383175,4.7452286394566245,4.9103032007997145,5.068981326605879,5.221508349144813,5.368120423488298,5.509044847092681,5.644500370994835,5.774697502464952,5.899838799030501,6.020119153844048,6.135726072415612,6.246839940769486,6.353634285117478,6.456276023166498,6.554925707199326,6.649737759084118,6.740860697381274,6.828437356726435,6.912605099675991,6.993496021206938,7.071237146066629,7.1459506191702005,7.217753889244315,7.286759885915841,7.353077190443039,7.416810200285133,7.478059287703745,7.536920952586964,7.593487969683462,7.647849530430549,7.700091379556249,7.750295946631402
32087282,0.2837934581106431,51,0.6567332671356738,403.6071901563046,0.5832813683125974,1.980764493491287e-06,0.0016822855976817,0.2565556163030967,5.667242954052452,0.9375893257254396,0.5347988151779908,1.847702856251344,1024.6433899628057,933.4775844749142,0.0795625419740422,35.12184329312719,306.09277625354406,35284.78871561441,0.4942272039923552,494.22720399235527,4.289872039291051,302.8231843241097,4.235321233840812,0.1378818784063895,302.9355332222799,5.532259580217313,4.288803393403531,4.287734094762408,4.286664782311841,4.285595456003715,4.284526115790847,4.283456761626725,4.282387393465312,4.281318011260864,4.280248614967834,4.279179204540715,4.278109779933966,4.277040341101932,4.275970887998742,4.274901420578323,4.2738319387942845,4.2727624425998805,4.271692931947976,4.270623406791066,4.269553867081164,4.2684843127698135,4.267414743808042,4.266345160146405,4.265275561734813,4.264205948522704,4.263136320458879,4.2620666774914975,4.2609970195681175,4.259927346635686,4.258857658640434,4.257787955527945,4.2567182372430254,4.25564850372989,4.254578754931937,4.253508990791843,4.252439211251527,4.251369416252129,4.2502996057340034,4.249229779636697,4.248159937898943,4.247090080458642,4.24602020725285,4.244950318217793,4.243880413288739,4.242810492400131,4.2417405554855945,4.240670602477647,4.239600633308112,4.238530647907644,4.237460646206387,4.236390628515308,4.235321233840812,0.1380075672787707,0.1380052086409596,0.1380028437848644,0.1380004728298818,0.1379980958661274,0.1379957129596043,0.1379933241564248,0.1379909294862516,0.1379885289651025,0.1379861225976258,0.1379837103789502,0.1379812922961787,0.137978868329599,0.1379764384536619,0.1379740026377721,0.1379715608469242,0.137969113042221,0.1379666591812943,0.1379641992186411,0.1379617331059088,0.1379592607921172,0.1379567822238502,0.1379542973454167,0.1379518060989764,0.1379493084246554,0.1379468042606396,0.1379442935432571,0.1379417762070475,0.1379392521848252,0.1379367214077299,0.1379341838052774,0.1379316393053982,0.1379290878344768,0.1379265293173827,0.1379239636775009,0.1379213908367584,0.1379188107156463,0.1379162232332438,0.1379136283072335,0.1379110258539264,0.1379084157882682,0.1379057980238661,0.1379031724729937,0.1379005390466109,0.1378978976543741,0.1378952482046505,0.1378925906045311,0.1378899247598434,0.1378872505751647,0.1378845679547886,0.1378818784063895,302.8253174432351,302.8294943659632,302.833594928078,302.8376189542839,302.8415662626848,302.8454366647276,302.8492299651453,302.85294596189954,302.8565844461212,302.8601452020515,302.8636280069816,302.86703263119136,302.8703588378875,302.87360638314067,302.87677501582186,302.8798644775377,302.8828745025652,302.8858048177852,302.8886551426152,302.8914251889412,302.89411466104855,302.896723255552,302.8992506613245,302.90169655942555,302.904060623028,302.906342517344,302.9085418995508,302.9106584187141,302.91269171571145,302.9146414231542,302.9165071653087,302.91828855801595,302.91998520861074,302.9215967158394,302.9231226697766,302.9245626517408,302.9259162342089,302.9271829807297,302.92836244583606,302.929454174956,302.93045770432263,302.9313725608831,302.932198262206,302.9329343163878,302.93358022195804,302.9341354677832,302.9345995329694,302.93497188676383,302.9352519884551,302.93543928727166,302.9355332222799,0.0,0.1612474506852169,0.3202064096841851,0.4765431586281997,0.6303009527738038,0.7815223338863395,0.930249142009006,1.0765225270358416,1.2203829600945522,1.3618702447416398,1.501023527972926,1.637881311052508,1.7724814601631464,1.9048612168810224,2.035057208477762,2.1631054580525757,2.289041394497312,2.412899862297176,2.534715131169837,2.6545209055455627,2.7723503338910254,2.8882360178793465,3.0022100214089145,3.114303879473469,3.224548606885907,3.332974706858216,3.439612179439915,3.544490529817328,3.647638776475989,3.7490854592284273,3.848858647109569,3.94698594614192,4.043494506972688,4.138411032384943,4.23176178468492,4.323572592967461,4.41386886026166,4.502675570558635,4.590017295723409,4.675918202292788,4.760402058161129,4.843492239155836,4.925211735504402,5.005583158194812,5.084628745231015,5.1623703677852495,5.238829536248877,5.314027406183436,5.38798478417353,5.460722133583196,5.532259580217313
837343229,0.1931591355714204,51,0.4632100059753891,356.4523389266547,0.8266357565913849,1.6884215720433467e-07,0.0036898229951851,1.930228016861792,1.5155773979845129,3.326248972465337,0.6102830011489361,1.355866792833771,907.1262835915414,847.7837219735972,0.4740868500087747,31.143567380046964,305.0254856059663,39843.03855855159,0.2852873677254307,285.28736772543067,3.043693027664624,304.4217662393183,2.589907369013889,1.2361302780091363,303.58015537279675,46.90986674465443,3.0348182389988643,3.0259427172741344,3.0170669131503507,3.0081908071881265,2.999314378998795,2.99043760719308,2.9815604693265563,2.97268294184158,2.963805000005362,2.954926617843831,2.946047768070897,2.937168422012704,2.928288549526393,2.919408118912921,2.9105270968233805,2.9016454481582743,2.892763135959177,2.8838801212921563,2.874996363122373,2.8661118181792538,2.8572264408117234,2.8483401828330206,2.839452993354828,2.830564818610609,2.821675601768437,2.812785282733948,2.803893797944741,2.7950010801582184,2.78610705823584,2.7772116569278804,2.7683147966640567,2.759416393356759,2.75051635822496,2.7416145976479966,2.732711013058979,2.72380550088736,2.7148979525586467,2.7059882545561083,2.697076288544304,2.688161931547429,2.679245056167213,2.670325530816351,2.6614032199355147,2.652477984156512,2.6435496803724443,2.634618161678929,2.6256832771583225,2.616744871490698,2.607802784389036,2.598856849894594,2.589907369013889,1.2494187606327414,1.249293832101629,1.2491660267501852,1.249035253330974,1.2489014164976149,1.2487644165719134,1.2486241492894032,1.248480505521737,1.2483333709738358,1.2481826258537143,1.2480281445127572,1.2478697950536968,1.247707438903976,1.2475409303515297,1.247370116040594,1.247194834424929,1.2470149151764334,1.2468301785478764,1.246640434689268,1.2464454829193985,1.246245110955924,1.2460390941109492,1.2458271944631,1.2456091600229573,1.2453847239157807,1.245153603614836,1.2449155002693637,1.2446700981840857,1.2444170645209789,1.244156049307907,1.243886685850676,1.2436085916518549,1.2433213699372454,1.2430246118735164,1.2427178995221306,1.2424008095100174,1.2420729173023797,1.2417338018408044,1.2413830501691163,1.2410202615309551,1.2406450503171396,1.2402570472022083,1.2398558978725724,1.2394412589295718,1.2390127908420985,1.238570148183828,1.2381129677528375,1.237640855459195,1.2371533730147195,1.2366500254400246,1.2361302780091363,304.40600177153,304.37508432114555,304.344699598186,304.3148509162468,304.2855415985876,304.25677497820385,304.22855439790214,304.2008832103802,304.173764778312,304.1472024744381,304.1211996816614,304.0957597931489,304.07088621244003,304.04658235356175,304.0228516411508,303.9996975105844,303.9771234081189,303.95513279103807,303.93372912781075,303.9129158982596,303.8926965937408,303.87307471733646,303.8540537840596,303.83563732107365,303.8178288679265,303.8006319768008,303.7840502127804,303.7680871541349,303.75274639262165,303.73803153380686,303.7239461974044,303.71049401763344,303.697678643593,303.6855037396521,303.6739729858536,303.66309007832814,303.65285872971504,303.6432826695847,303.63436564485914,303.626111420224,303.61852377852927,303.61160652117456,303.60536346847795,303.5997984600299,303.59491535503565,303.59071803265414,303.5872103923431,303.5843963542226,303.5822798594713,303.5808648707687,303.58015537279675,0.0,1.4785281310975156,2.941373873547045,4.374327828023052,5.777976720426032,7.152897938154781,8.49965944280267,9.818819716710664,11.110927738574782,12.376522983982106,13.61613544732232,14.83028568201031,16.019484856372877,17.184234822909676,18.32502819894484,19.44234845694828,20.536670023032404,21.608458382324063,22.658170190080543,23.68625338756323,24.69314732180897,25.67928286854828,26.645082557614643,27.590960700271847,28.51732351795837,29.424569272010977,30.313088393984486,31.18326361623325,32.03547010246179,32.87007557798968,33.687440459507975,34.487917984133546,35.271854337592686,36.03958878138848,36.7914537788248,37.52777511977904,38.24887204412939,38.95505736375733,39.64663758305761,40.323913017898896,40.98717791298762,41.63672055759604,42.272823399623405,42.89576315796488,43.50581093317006,44.10323231637674,44.68828749651142,45.26123136575136,45.82231362324725,46.371778877108255,46.90986674465443
872008314,0.1818875285678154,51,0.3712570517776389,129.91165494958057,0.8680508715281992,1.8996219975152845e-06,0.0626514168166493,2.0827217539269,4.994999961024161,0.2921265703076988,0.272788080538163,0.8303349079789084,917.1682307847808,869.2277649584537,0.4110561324094936,42.57924275337879,306.7966456521189,45094.19442913468,0.3907720912573256,390.77209125732566,3.357430609077218,314.92313523260424,3.357430608020503,1.447528666776114,314.69808571109127,21.93570058566791,3.35743060907334,3.3574306090691395,3.357430609064606,3.3574306090597283,3.3574306090544908,3.35743060904888,3.3574306090428827,3.35743060903663,3.3574306090318826,3.357430609024706,3.357430609017056,3.3574306090089374,3.357430609000334,3.3574306089912285,3.357430608981602,3.357430608971437,3.357430608961129,3.3574306089502484,3.35743060893833,3.3574306089257875,3.357430608912599,3.3574306088987425,3.3574306088841945,3.357430608868929,3.3574306088532118,3.3574306088364354,3.357430608818805,3.3574306088003416,3.3574306087810117,3.357430608760775,3.357430608739593,3.3574306087173493,3.357430608694,3.3574306086694903,3.357430608643775,3.3574306086168013,3.3574306085885186,3.357430608558872,3.3574306085278045,3.3574306084952577,3.357430608461172,3.3574306084254824,3.3574306083881247,3.35743060834903,3.357430608308129,3.357430608265347,3.357430608220609,3.357430608173836,3.357430608124945,3.357430608073852,3.357430608020503,1.447528667352498,1.447528667348868,1.447528667345089,1.4475286673411538,1.447528667337059,1.4475286673328005,1.4475286673283738,1.4475286673253578,1.4475286673415997,1.4475286673148915,1.4475286673094627,1.447528667304082,1.4475286672984953,1.447528667292703,1.4475286672866916,1.447528667280459,1.4475286672785548,1.4475286672719154,1.4475286672602017,1.447528667252962,1.447528667245463,1.4475286672376937,1.447528667229642,1.447528667221295,1.447528667215812,1.4475286672036975,1.4475286671937662,1.4475286671840373,1.4475286671739132,1.4475286671633316,1.4475286671522856,1.4475286671399288,1.447528667127057,1.447528667113564,1.4475286670995102,1.4475286670848644,1.4475286670695982,1.447528667053694,1.4475286670371217,1.4475286670198604,1.447528667001884,1.4475286669831595,1.4475286669636644,1.4475286669433671,1.4475286669222367,1.4475286669002407,1.4475286668773502,1.4475286668535254,1.4475286668287328,1.4475286668029388,1.447528666776114,314.9190671702796,314.91109833249453,314.90325141647696,314.89552762646804,314.88792818389857,314.8804543276206,314.8731073141415,314.8658884178616,314.8587989313148,314.8518401654124,314.84501344969186,314.8383201325656,314.8317615815763,314.82533918365374,314.8190543453761,314.8129084932349,314.80690307390233,314.8010395545039,314.7953194228934,314.7897441879324,314.7843153797731,314.7790345501452,314.7739032726466,314.7689231430381,314.7640957795421,314.7594228231454,314.75490593790585,314.7505468112634,314.7463471543555,314.7423087023362,314.7384332147003,314.73472247561136,314.7311782942345,314.7278025050735,314.7245969683124,314.7215635701621,314.71870422321126,314.7160208667822,314.7135154672915,314.7111900186156,314.70904654246124,314.70708708874105,314.7053137359541,314.70372859157163,314.7023337924282,314.7011315051178,314.7001239263957,314.6993132835854,314.6987018349916,314.6982918703179,314.69808571109127,0.0,5.263721873995912,10.509723188517954,14.56578068194551,17.22451331631068,18.93564154255475,20.029294327112783,20.72582581177053,21.16852766249184,21.449537375184388,21.627756675339505,21.740715324924896,21.81227709719333,21.857596088055725,21.88628689503993,21.9044456238541,21.915935607223613,21.92320423209237,21.927801389999917,21.93070832215736,21.9325460948665,21.93370771105692,21.934441801584317,21.934905627040603,21.935198634888696,21.93538370028683,21.93550056785134,21.93557435606164,21.9356209367108,21.935650336958098,21.935668890404028,21.93568059691728,21.935687982097644,21.93569264038605,21.93569557820132,21.93569743069412,21.93569859864229,21.93569933489455,21.93569979894665,21.935700091392107,21.93570027566522,21.93570039176167,21.935700464895245,21.93570051095867,21.93570053996804,21.935700558234903,21.935700569735843,21.935700576976,21.935700581533315,21.93570058440156,21.93570058566791
789238882,0.981924971804391,51,0.2716813771599693,226.72646625543075,0.9088706719688878,4.243877994745514e-06,0.0051669003222738,0.8106420444431462,0.2406088240752045,0.1050480276240452,0.4153762577893271,0.9892112252203435,842.0784739648068,1053.1667895880114,0.1584102752967667,44.11875673172482,303.58210158405734,32421.25550408435,0.429062971521396,429.062971521396,3.254690147832897,313.3416391945859,3.043310211422616,0.352648153044326,306.888114856454,58.71991159315337,3.2506352942321963,3.2465759554805493,3.2425130718199355,3.238446619344456,3.2343765738418644,3.230302910760824,3.2262256052086764,3.2221447382085047,3.218458915571364,3.214643260565245,3.210538796120981,3.206430463376987,3.2023183469048195,3.198202418615788,3.194082650000242,3.1899590120635586,3.185831481588183,3.181726352243765,3.1778622451124,3.173715050632962,3.169563411488104,3.165407743410104,3.161248014237178,3.157084191163561,3.1529162406511477,3.1487441292248786,3.144570163744428,3.140641070749239,3.1364502667098857,3.132252988397917,3.128051395615128,3.123845451039906,3.119635116241939,3.1154203520008834,3.11120111833457,3.1069779996387767,3.1029677490703724,3.098730324698725,3.094484665252003,3.0902343520028634,3.08597934080535,3.081719585642737,3.0774550396023503,3.0731856542660183,3.068912716565886,3.06481968229096,3.060529130830228,3.0562317985565035,3.051929400002519,3.0476218809991464,3.043310211422616,0.3565636484134605,0.3565041153550588,0.356444273320536,0.3563841191621402,0.3563236492811159,0.3562628597236139,0.3562017462371759,0.356140429120251,0.3603618096798453,0.3589480167841481,0.3558251876628893,0.3557613014708391,0.3556982646867697,0.3556348674925531,0.3555711050172954,0.3555069716822575,0.3554424620200004,0.3556597558854484,0.358226693745358,0.3551647183310809,0.355094062445933,0.355027807864929,0.3549611458073765,0.3548940689659428,0.3548265690763159,0.3547586404388905,0.354714796734702,0.3573223184728539,0.3544892333730147,0.3543961743845275,0.3543262365551947,0.354255832102616,0.3541849486769374,0.3541135773422844,0.3540417078631704,0.3539754946943141,0.3562385331676028,0.3537755905031222,0.3536629781526342,0.3535887430279272,0.353513963738875,0.3534386196855217,0.3533627007265152,0.3532861867530725,0.3532229557277915,0.3551311773744325,0.3529859133671514,0.3528882219725679,0.3528088624321657,0.3527288435390607,0.352648153044326,313.2255236339743,313.0021474784929,312.78279416514044,312.5674181863874,312.3559767358577,312.1484297540947,311.9447399791109,311.74487300196336,311.54879732235503,311.3563032113197,311.16741474393257,310.98223352981785,310.80074020710526,310.62291866076424,310.4487561699212,310.2782435138337,310.1113750858796,309.9481490159716,309.7885553631229,309.6324882653884,309.48007943212923,309.3313434627252,309.1862992507763,309.04497036290513,308.9073852350702,308.77357738204387,308.643585620669,308.51745327046024,308.39511720836254,308.27674575637144,308.1624023872265,308.05215627130696,307.94608355917273,307.84426772789027,307.74679994916846,307.6537794808062,307.5653138219899,307.4814208383867,307.40232356203745,307.3281595790058,307.25907533814933,307.1952282938567,307.13678750479454,307.083934269339,307.0368628007878,306.9957803563599,306.96082512806123,306.9323184278977,306.9105145192389,306.8956838633389,306.888114856454,0.0,2.951869325664868,5.643878786021695,8.221892683443194,10.690663817587197,13.05475711534205,15.318555351517997,17.486265044430997,19.56192242889519,21.54939943510341,23.45240962136279,25.2745140228146,27.01912688869645,28.689521288473376,30.28883457300477,31.820073681341427,33.286120287122394,34.68973578112816,36.033566088532666,37.32014632092603,38.551905264352726,39.73116970550917,40.86016859892784,41.94103707848916,42.975820316983175,43.9664772377168,44.91488408235335,45.82283783929436,46.69205953698288,47.52419740653542,48.32082991810303,49.08346869532804,49.81356131220932,50.51249397661724,51.1815941046155,51.82213278965341,52.43532717059097,53.02234270241247,53.584295333374506,54.12225359222135,54.63724058898749,55.13023593279269,55.60217756992128,56.05396354536525,56.486453690898905,56.90047124264402,57.29680439097663,57.676207765523074,58.03940385788827,58.38708438466243,58.71991159315337
176768337,0.9700370935490532,51,0.6940846297378248,409.8715066329776,0.290877832331549,1.3991539814931472e-06,0.0250435137662481,0.6432333386024381,0.5390719843862524,0.1842427082583007,0.4330152589723387,1.154703953855538,1045.8764817788915,948.0115098629716,0.2035798485751956,46.5938210426563,313.00616784689,35362.281531488115,0.2661348907181666,266.1348907181667,4.862748282013451,307.45630953115034,4.740286164677936,0.3414066367537791,304.8820134298054,43.112093988164574,4.862292224062659,4.861819634120621,4.861330156374198,4.860823284940861,4.860298506009222,4.8597615614467005,4.859195804150338,4.85861016539886,4.858003744771207,4.857374637950032,4.856722491636105,4.856045660166156,4.855343322449188,4.854613325996299,4.853853672016305,4.8530606567484815,4.8522234581521575,4.851327022085993,4.850368689767748,4.849344196142558,4.848248982996818,4.847078194040148,4.845826650601008,4.844488826358658,4.843058822790516,4.841530341278975,4.83989665663965,4.838150585193082,4.836284455342119,4.834290072064968,4.832158681681885,4.829880933367822,4.827446838231213,4.824845726308269,4.822066196639,4.819096074793711,4.815922349324824,4.812531126343306,4.8089075620496615,4.805035795193277,4.800898890041083,4.796478753220304,4.791756050874126,4.786710145275007,4.781318975418659,4.775558993739236,4.76940504068504,4.762830246930026,4.755805915836867,4.748301406368462,4.740286164677936,0.3496296376656825,0.3496109256313282,0.3495916595830933,0.3495717995878932,0.3495513336023597,0.3495366358428707,0.349504923011441,0.3494821746085835,0.349458416667806,0.349432622222766,0.3494063626430858,0.3493783197142431,0.3493493260730279,0.3493180218372602,0.3492845542284384,0.3492471795160943,0.3491986325523123,0.3491345521265901,0.3490674960416544,0.3489958160023749,0.348919193945138,0.3488373054312082,0.3487497998716258,0.3486562994281537,0.3485563996196013,0.3484496657977525,0.3483356344583989,0.3482138075496633,0.3480836548654408,0.3479446076970526,0.3477960589314294,0.3476373595541357,0.3474678159694933,0.3472866876626844,0.3470931799210091,0.346886451160485,0.346665591216653,0.3464296394690155,0.3461775621189875,0.3459082517381674,0.345620537591376,0.3453131586741702,0.3449847635432742,0.3446339296504235,0.3442591058410884,0.3438586688298291,0.3434308594269127,0.342973809910253,0.3424855232207646,0.3419638720638225,0.3414066367537791,307.4465249002504,307.4233762454646,307.39664504831865,307.3664549264694,307.332930508597,307.2961975532657,307.25638141339005,307.2136130750901,307.1680225499189,307.119741574085,307.06890400201974,307.01564552415545,306.96010413085827,306.9024200154507,306.84273604055056,306.78119780745527,306.7179542072713,306.65315939591864,306.58697400184104,306.5195619129801,306.4510907145427,306.38173176465665,306.3116602510059,306.2410552319965,306.17009966119457,306.0989803933488,306.0278881714044,305.9570175926968,305.8865670543679,305.81673867600466,305.7477381998212,305.6797748671069,305.61306127066587,305.54781318284324,305.4842493587419,305.4225913156074,305.3630630856753,305.30589094742004,305.2513031299282,305.19952949583035,305.15080120258546,305.1053503392328,305.06340954552985,305.0252116135902,304.9909890671882,304.9609737339619,304.9353962963222,304.914485838157,304.89846938093393,304.8875714153718,304.8820134298054,0.0,1.441942119845362,3.0184645629060904,4.593230493824473,6.166462877345707,7.738353797892904,9.309067924620177,10.878748024379483,12.447521645580714,14.01550468223938,15.582798476879477,17.149487778142824,18.715642549507816,20.28132050134757,21.846571111033303,23.41144350011137,24.975989588862795,26.540254520558484,28.104271281853155,29.667204243860787,31.162317565132813,32.518170349722915,33.73540135280329,34.82368937276652,35.79433321782017,36.65863802395884,37.42734656312711,38.11042239619209,38.71698174448909,39.25529533918005,39.73282449559338,40.15627350424614,40.53164880396341,40.86431968740119,41.159077623072776,41.42019260705026,41.651465737680994,41.85627767275875,42.03763290840718,42.19819998520408,42.34034782275599,42.46617843517713,42.57755630305958,42.676134682927525,42.76337912956146,42.84058849433809,42.90891364673253,42.96937414826231,43.02287308964919,43.07021028363061,43.112093988164574
455720597,0.8780903853527565,51,0.5588507236281114,209.5717758699352,0.0939470351586882,3.974378708358975e-06,0.0185474316026011,0.6317495060865616,9.063204392397738,0.2209866815943759,0.1551196187854576,0.9630270424104248,1058.8227955189354,1120.268154235166,0.1342177638454345,34.2657287467678,300.78222428338177,54044.07255327056,0.19969369574986,199.69369574986004,2.9278037855295507,299.4897310145189,0.0,0.0,299.6485594021489,13.31890322876897,2.9136843476118397,2.8988996679251566,2.88340242133694,2.867046962609085,2.849678332526927,2.83095322080714,2.8096541298987594,2.784400533585816,2.7543946386424154,2.718723502155356,2.676306145868811,2.6258621317244533,2.565876249992592,2.4945586242637914,2.409800642174792,2.309127338152474,2.1896495956763364,2.0480215294304243,1.8804165690752237,1.682549311098131,1.4498089031500785,1.1776658842949002,0.8628564580192645,0.5074289199082201,0.1414722857049143,0.0001203027425194,0.0,0.0,0.0,0.0,0.0,0.0,0.0,0.0,0.0,0.0,0.0,0.0,0.0,0.0,0.0,0.0,0.0,0.0,0.0,0.0,0.0,0.0,0.0,0.0,0.0,0.4145488821728347,0.4139456205914043,0.4132728677934544,0.4124796506736187,0.4115576574490815,0.4103601952288906,0.4082030644606524,0.4049470267044102,0.4010332395471322,0.3963631174185837,0.3907947238063627,0.384158449714215,0.3762527932936103,0.3668390478171264,0.3556354292391578,0.3423102449378165,0.3264752118814584,0.3076785127199573,0.2853999300950934,0.2590496899631198,0.227979135071736,0.1915152372070254,0.1490645666929607,0.1004361384923217,0.0472563665053771,0.0055943038225482,9.929452859509405e-07,0.0,4.894303747909867e-07,0.0,4.894427579948584e-07,0.0,4.89430692967934e-07,0.0,0.0,4.887663769948841e-07,1.894980071520704e-07,0.0,4.894515056077456e-07,0.0,0.0,0.0,0.0,0.0,0.0,4.89420612685026e-07,0.0,4.894306959448673e-07,0.0,0.0,0.0,299.36135391394674,299.1050954240077,298.84810497520385,298.5904974685958,298.33239848139715,298.0739460074278,297.81534791856114,297.5571557410883,297.3003149321656,297.0459777825434,296.7955333102565,296.5506525796592,296.3133425801574,296.0860097098834,295.8715341263755,295.67335610400545,295.4955753564366,295.3430632501697,295.221586205441,295.1379344660012,295.100042282432,295.1170659129492,295.1993379603064,295.3579681466962,295.60325264398944,295.9364722235679,296.28698690343816,296.61232478332266,296.91402703116484,297.1935737504588,297.4523437679552,297.6916167947253,297.9125768396287,298.11631747180525,298.303846553788,298.47609149133024,298.6339036075876,298.77806190223146,298.9092765345433,299.02819186641915,299.1353885930215,299.2313861718397,299.3166444519891,299.3915652025385,299.4564933413569,299.5117179027528,299.55747281839444,299.59393712655435,299.62123553274137,299.6394379340975,299.6485594021489,0.0,0.2398104488504553,0.508386946590635,0.7768296344097639,1.0450570535343118,1.3132293566300932,1.581196615590985,1.849078798528076,2.1168671137242283,2.3844886630173017,2.652096522473644,2.9195429702453266,3.186932689859322,3.4542738634426917,3.7214718288078106,3.9886841470016408,4.255774533601502,4.522814821714577,4.789848416362682,5.056751160654302,5.323681914648349,5.590530399539921,5.857321254456124,6.124140052973957,6.390839208952391,6.657565407889702,6.924250649492231,7.190863375403509,7.457527843118743,7.724089746418096,7.990664523085631,8.257239149103048,8.523726136508415,8.790275006912378,9.056747727654097,9.323209345930223,9.58970659998402,9.856107744233572,10.122566135604332,10.388983395306033,10.655361002648762,10.921799995805705,11.188146420805612,11.454531828354282,11.72091527765884,11.98723247876564,12.253622950725765,12.519938783136556,12.786265087255464,13.052626248719571,13.31890322876897
