seed,L,Nz,eps,rho_B,u,D_ax,kL,qmax,b,n,lam_z,rho_g,cp_g,cp_s,D_col,h_w,T_wall,dH,dt,t_end,C_in,T_in,C_out_final,q_out_final,T_out_final,N_ads_final,C_z0,C_z1,C_z2,C_z3,C_z4,C_z5,C_z6,C_z7,C_z8,C_z9,C_z10,C_z11,C_z12,C_z13,C_z14,C_z15,C_z16,C_z17,C_z18,C_z19,C_z20,C_z21,C_z22,C_z23,C_z24,C_z25,C_z26,C_z27,C_z28,C_z29,C_z30,C_z31,C_z32,C_z33,C_z34,C_z35,C_z36,C_z37,C_z38,C_z39,C_z40,C_z41,C_z42,C_z43,C_z44,C_z45,C_z46,C_z47,C_z48,C_z49,C_z50,q_z0,q_z1,q_z2,q_z3,q_z4,q_z5,q_z6,q_z7,q_z8,q_z9,q_z10,q_z11,q_z12,q_z13,q_z14,q_z15,q_z16,q_z17,q_z18,q_z19,q_z20,q_z21,q_z22,q_z23,q_z24,q_z25,q_z26,q_z27,q_z28,q_z29,q_z30,q_z31,q_z32,q_z33,q_z34,q_z35,q_z36,q_z37,q_z38,q_z39,q_z40,q_z41,q_z42,q_z43,q_z44,q_z45,q_z46,q_z47,q_z48,q_z49,q_z50,T_z0,T_z1,T_z2,T_z3,T_z4,T_z5,T_z6,T_z7,T_z8,T_z9,T_z10,T_z11,T_z12,T_z13,T_z14,T_z15,T_z16,T_z17,T_z18,T_z19,T_z20,T_z21,T_z22,T_z23,T_z24,T_z25,T_z26,T_z27,T_z28,T_z29,T_z30,T_z31,T_z32,T_z33,T_z34,T_z35,T_z36,T_z37,T_z38,T_z39,T_z40,T_z41,T_z42,T_z43,T_z44,T_z45,T_z46,T_z47,T_z48,T_z49,T_z50,Qtot_t0,Qtot_t1,Qtot_t2,Qtot_t3,Qtot_t4,Qtot_t5,Qtot_t6,Qtot_t7,Qtot_t8,Qtot_t9,Qtot_t10,Qtot_t11,Qtot_t12,Qtot_t13,Qtot_t14,Qtot_t15,Qtot_t16,Qtot_t17,Qtot_t18,Qtot_t19,Qtot_t20,Qtot_t21,Qtot_t22,Qtot_t23,Qtot_t24,Qtot_t25,Qtot_t26,Qtot_t27,Qtot_t28,Qtot_t29,Qtot_t30,Qtot_t31,Qtot_t32,Qtot_t33,Qtot_t34,Qtot_t35,Qtot_t36,Qtot_t37,Qtot_t38,Qtot_t39,Qtot_t40,Qtot_t41,Qtot_t42,Qtot_t43,Qtot_t44,Qtot_t45,Qtot_t46,Qtot_t47,Qtot_t48,Qtot_t49,Qtot_t50
317401488,0.7734180183120571,51,0.7658617373901115,364.9846526947476,0.5813865861434144,2.30328120499254e-07,0.0333704558553875,0.2840585868535596,0.3086664236602862,0.183897869394412,0.2354884295552632,1.6307742882973246,1183.4572594217657,933.6409136387532,0.1459480374174809,45.15204565641223,308.520627030019,44432.4879125948,0.4306075322957025,430.6075322957025,4.537877753955667,308.67047307120646,4.53787499454388,0.1464282784827485,308.57655727494097,9.871577955614525,4.537877717766708,4.537877680952254,4.537877643507188,4.537877605425429,4.537877566700841,4.537877527327234,4.537877487298361,4.537877446608038,4.537877408596425,4.5378773916440185,4.537877348771099,4.537877305125906,4.537877260781809,4.537877215732083,4.537877169969911,4.53787712348841,4.537877076280608,4.537877028340558,4.537876986066012,4.537876941348511,4.537876890894329,4.537876839672615,4.537876787679378,4.537876734907212,4.537876681348619,4.537876626996001,4.537876571841666,4.537876516389486,4.537876467575047,4.53787640969996,4.53787635094805,4.537876291353247,4.537876230907473,4.537876169602532,4.537876107430104,4.537876044381751,4.537875980722254,4.5378759226626695,4.537875856651471,4.537875789680952,4.5378757217898,4.537875652969126,4.537875583209897,4.537875512502926,4.537875440838878,4.537875369112761,4.537875300310706,4.537875225381486,4.537875149444232,4.537875072500982,4.53787499454388,0.146428379472686,0.1464283779678049,0.1464283764480635,0.1464283749133504,0.1464283733635414,0.1464283717984997,0.1464283702180797,0.1464283686222292,0.1464283749215299,0.1464284246812819,0.1464283633852891,0.1464283615250581,0.1464283598375828,0.1464283581335407,0.1464283564127294,0.146428354674964,0.146428352920045,0.1464283511499887,0.1464283645054481,0.1464283586952048,0.1464283450955367,0.1464283432394473,0.1464283413732005,0.1464283394887086,0.1464283375857487,0.1464283356640787,0.1464283337234384,0.1464283329728768,0.1464283486201742,0.1464283271575136,0.1464283250360399,0.146428322993957,0.1464283209319645,0.1464283188497776,0.1464283167471034,0.1464283146236212,0.1464283131249351,0.1464283263107488,0.1464283074615196,0.1464283051372686,0.1464283029035682,0.1464283006479665,0.1464282983701076,0.1464282960696216,0.1464282937461,0.1464282935374658,0.1464283003890326,0.1464282858432661,0.1464282833953132,0.1464282809511953,0.1464282784827485,308.66919705862193,308.66669403754844,308.66419339852405,308.6616955361273,308.659200926286,308.6567101282681,308.65422378662754,308.651742633099,308.6492674884387,308.64679926195515,308.6443389430377,308.6418876463974,308.63944656619697,308.63701699382216,308.63460031936273,308.6321980329641,308.62981172609096,308.62744309270465,308.6250939303493,308.62276613683497,308.62046172075486,308.61818279923665,308.6159315931443,308.61371043089747,308.61152174896085,308.6093680922256,308.6072521142865,308.6051765776088,308.6031443532435,308.60115841644523,308.59922186159764,308.5973378862468,308.5955097960267,308.59374100422326,308.59203503121347,308.59039550381,308.5888261545187,308.58733082052026,308.58591343875327,308.58457805809473,308.5833288247916,308.58216998586136,308.58110588796035,308.5801409761802,308.5792797928156,308.5785269761114,308.5778872583989,308.5773654634117,308.57696651309925,308.5766954171041,308.57655727494097,0.0,2.352856564790854,4.171126769318198,5.552098144875605,6.599752562496831,7.393966388339048,7.995755385860388,8.451583437458677,8.796765922684997,9.058111484493578,9.25595398002767,9.405707119003898,9.519049985763957,9.60482912426271,9.669743936324672,9.71886690298038,9.756038142098864,9.784164495245989,9.805446152995309,9.821548323650012,9.833731242007197,9.842948610374954,9.849922127105575,9.855197905003209,9.859189176574624,9.862208616972902,9.864492807291738,9.866220748440387,9.86752787188229,9.868516642135797,9.869264579849728,9.869830332800712,9.870258269637322,9.870581955737295,9.870826783148626,9.871011960435954,9.871152018187946,9.871257948050328,9.87133806447355,9.871398656662985,9.871444481797544,9.871479138155545,9.871505347383012,9.871525168024323,9.871540157050688,9.871551492048452,9.871560063646587,9.87156654543076,9.87157144682667,9.87157515310054,9.871577955614525
267406276,0.2944954796949978,51,0.7347863431951902,187.942294722016,0.7327916464036074,3.261647757416073e-07,0.0011620643907458,1.6528415517494872,3.754846464465076,0.3541320123642497,0.7314496895647322,0.6295337271573038,943.9066285348764,892.7710239239394,0.4082153659992508,30.83457156005522,308.6225069923731,49337.50597295885,0.2182892953755354,218.28929537553543,1.281128234697413,311.15135678463605,1.182388046296034,0.2322305611051512,310.2698119338486,3.515911483822804,1.2791812936758835,1.2772345529882927,1.2752881601487256,1.2733421155615798,1.271396419638345,1.2694510727962205,1.2675060754570926,1.2655614280468013,1.2636171309945683,1.2616731847325775,1.2597295896956466,1.257786346320949,1.2558434550478252,1.253900916317575,1.251958730573339,1.250016898259955,1.248075419823846,1.246134295712944,1.244193526376585,1.242253112265447,1.2403130538314664,1.2383733515277906,1.2364340058087215,1.2344950171296465,1.2325563859534845,1.2306181149480706,1.2286804042136903,1.2267483732516498,1.224861885988596,1.2229839760898764,1.2210532986576998,1.219116735653153,1.2171803443344973,1.2152443126772037,1.2133086453981303,1.21137334302397,1.2094384059964167,1.2075038347582765,1.2055696297547365,1.203635791433098,1.201702320242578,1.1997692166342455,1.1978364810607824,1.1959041139764712,1.1939721158370142,1.1920404870994643,1.190109228222126,1.1881783396644832,1.1862478218870434,1.184317675362335,1.182388046296034,0.2353163416283508,0.2352628633948916,0.2352092391154417,0.2351554717091555,0.235101563287188,0.2350475153761668,0.2349933290758938,0.2349390051704865,0.2348845442067553,0.2348299465496725,0.2347752124219397,0.2347203419325057,0.2346653350974459,0.2346101918554988,0.2345549120798647,0.234499495587291,0.2344439421452209,0.2343882514774617,0.2343324232687327,0.2342764571683375,0.2342203527931321,0.2341641097299237,0.2341077275374177,0.2340512057489314,0.2339945465224708,0.23393866590769,0.2339660761807206,0.2361355428879584,0.2549981864251182,0.2583888074302781,0.2360922395786384,0.2334197948474272,0.2332826222769456,0.2332237981634993,0.2331666079768807,0.2331092967146482,0.2330518278080788,0.2329942007433522,0.2329364155228342,0.2328784720438087,0.2328203701235359,0.2327621095142591,0.2327036899109115,0.2326451109559791,0.2325863722429383,0.2325274733187535,0.2324684136856629,0.2324091928023808,0.2323498100848128,0.2322902649066939,0.2322305611051512,311.13478002503075,311.1022904450325,311.07037045596576,311.0390229729705,311.0082509338157,310.97805729906145,310.9484450522227,310.9194171999342,310.8909767721173,310.86312682214844,310.8358704270284,310.8092106875534,310.7831507284873,310.7576936987358,310.7328427715207,310.7086011445571,310.6849720402307,310.6619587057771,310.6395644134624,310.6177924607648,310.5966461705584,310.57612889129723,310.55624399720193,310.5369948884467,310.51838499134857,310.5004177585552,310.48309666844875,310.46642515438907,310.4504048343605,310.4350229896048,310.4202801396371,310.40619889990404,310.39278514747963,310.38004261996264,310.3679750159519,310.3565860608326,310.3458795084825,310.33585914151087,310.3265287714682,310.3178922390566,310.3099534143424,310.3027161969698,310.2961845163771,310.29036233201333,310.28525363355755,310.2808624411395,310.2771928055618,310.27424880852385,310.2720345628477,310.2705542127056,310.2698119338486,0.0,0.0953915350628007,0.1739697697996017,0.2521531663566128,0.3299437075777384,0.4073433663572812,0.4843541056938229,0.5609778787397267,0.6372166288503899,0.7130722896332545,0.7885467849965745,0.8636420291979375,0.9383599268925492,1.012702373181274,1.0866712536584402,1.160268444459404,1.2334958123078803,1.3063552145630373,1.3788484992663546,1.4509775051882507,1.522744061874474,1.5941499896922746,1.6651970998763284,1.73588719457445,1.806222066893068,1.876203500942478,1.9458332718818665,2.0151131459641163,2.0840448805803846,2.152630224304461,2.2208709169369025,2.2887686895489536,2.3563252645262422,2.4235423556122595,2.490421667951628,2.5569648981331463,2.623173734232626,2.6890498558555107,2.754594934179286,2.819810631995677,2.884698603752636,2.9492604955961186,3.013497945411653,3.077412582865712,3.1410060294468507,3.204279898506681,3.2672357953006026,3.329875317028353,3.3922000528743497,3.454211584047832,3.515911483822804
728104444,0.1321866722687713,51,0.773809677524909,391.9126964876698,0.7845411258557482,1.3358532195196324e-07,0.0010003226310162,1.8822203270407032,0.5501613704513661,0.2331613717282819,0.5235200570616011,1.2137579613547285,957.90306698262,1123.3226454944634,0.0268382047229053,22.400532774601352,311.14394316568945,33778.49339460544,0.3051487827071972,305.1487827071972,1.5016372235831794,313.25548957499103,1.4431015105281408,0.2406236200249407,313.0406830246499,2.9369387908565203,1.500480055092471,1.4993229079959531,1.498165856873187,1.4970089017804162,1.4958520427741708,1.4946952799112487,1.493538613248704,1.4923820428438177,1.4912255687541034,1.4900691910372763,1.488912909751246,1.4877567249541226,1.486600636704176,1.4854446450598615,1.4842887500797903,1.4831329518227172,1.481977250347558,1.480821645713373,1.4796661379793503,1.4785107272048157,1.4773554134492264,1.4762001967756035,1.4750450821101784,1.473891015285047,1.4727926453370797,1.4719150822642255,1.470797840779868,1.4696433231504722,1.4684882534424262,1.467333274470357,1.4661783933291184,1.4650236101373353,1.4638689249502443,1.4627143378240512,1.4615598488156438,1.4604054579823178,1.4592511653816724,1.4580969710715337,1.4569428751099684,1.455788877555229,1.45463497846581,1.4534811779003567,1.4523274759177045,1.451173872576861,1.4500203679370085,1.4488669620574517,1.4477136549977092,1.4465604468173785,1.4454073375762782,1.4442543273607444,1.4431015105281408,0.2422368690761866,0.2422107349480421,0.2421845751552084,0.2421583897998118,0.2421321789713873,0.2421059427480902,0.242079681197785,0.2420533943790386,0.2420270823420041,0.2420007451292177,0.2419743827763315,0.2419479953127503,0.241921582762221,0.2418951451433607,0.2418686824701261,0.2418421947522351,0.2418156819955552,0.2417891442024387,0.2417625813720331,0.2417359935005567,0.2417093805817541,0.2416827444479132,0.2416588986010469,0.2421870445573958,0.2747249647342527,0.4040135002172849,0.2635362510420867,0.2416170104706848,0.2412096737829681,0.2411788203433892,0.2411520621818672,0.2411253127063667,0.241098534711995,0.2410717286774922,0.2410448949242315,0.2410180336025963,0.2409911447995079,0.2409642285753226,0.2409372849766489,0.240910314041125,0.2408833157993938,0.2408562902763986,0.2408292374914441,0.2408021574597131,0.2407750501918632,0.2407479156945115,0.240720753971091,0.2406935650218317,0.2406663488466229,0.2406391173814984,0.2406236200249407,313.25137307116734,313.2433076305007,313.2353938163395,313.2276319394783,313.2200223173305,313.21256527396685,313.2052611401522,313.1981102533847,313.191112957934,313.18426960488034,313.1775805521542,313.17104616457607,313.16466681389664,313.15844287883755,313.1523747451325,313.1464628055687,313.14070746002886,313.1351091155334,313.1296681862834,313.1243850937036,313.11926026648604,313.11429414063434,313.1094871595076,313.1048397734376,313.1003523562713,313.0960204221953,313.09182476364515,313.0877871200032,313.08391129390765,313.0801978376674,313.07664725428657,313.07326005391263,313.07003675450443,313.0669778818872,313.06408396980225,313.06135555995763,313.0587932020786,313.05639745395905,313.05416888151353,313.0521080588292,313.05021556821896,313.04849200027473,313.0469379539211,313.0455540364699,313.0443408636749,313.0432990597872,313.0424292576112,313.04173209856106,313.04120823271745,313.04085831888534,313.0406830246499,0.0,0.1334656947657545,0.1994397648891307,0.2650132384521335,0.3301885476007959,0.3949681097001441,0.4593543274424738,0.5233495889363609,0.5869562677951323,0.650176723224803,0.7130133001114786,0.7754683291082305,0.837544126721441,0.8992429953966273,0.9605672236037484,1.0215190859219894,1.082100843124035,1.142314742259833,1.2021630167398478,1.2616478864178122,1.3207715576729748,1.3795362234918502,1.437944063549473,1.495997244290164,1.5536979190077993,1.6110482279255955,1.6680502982754182,1.7247062443765973,1.7810181677142756,1.8369881570172768,1.8926182883355027,1.9479106251168623,2.002867218283733,2.0574901063089586,2.11178131529139,2.1657428590309618,2.2193767391033163,2.272684944933982,2.3256694538720883,2.378332231263649,2.430675230524386,2.482700393212128,2.534409649098755,2.585804916241717,2.636888101055114,2.687661098380348,2.738125791556342,2.788284052489342,2.838137741722286,2.887688708503757,2.9369387908565203
861939861,0.300539463449177,51,0.5675155863337205,477.2166356861944,0.7714639665737782,9.182379380425268e-07,0.0032783361760515,0.110707462826274,2.3134360351104832,1.9483687934749985,0.956536427963874,0.928825114968484,1050.683596973612,1014.3284495687028,0.1651319642333545,38.20848453643785,299.6966287165428,40724.46296370676,0.3088292727005963,308.82927270059633,0.4186725598936698,299.16999124643326,0.3973011272291918,0.03132931693118,299.1330799435883,2.069534610040295,0.4182540705535486,0.4178354641113159,0.4174168239695472,0.4169981507324923,0.4165794450544916,0.4161607076362494,0.4157419392215196,0.4153231405941291,0.414904312575264,0.4144854560209701,0.4140665718198297,0.4136476608907737,0.4132287241810304,0.4128097626641645,0.4123907773382268,0.4119717692239857,0.4115527393632519,0.4111336888172838,0.4107146186652867,0.4102955300029817,0.4098764239412856,0.4094573016050537,0.4090381641319281,0.4086190126712696,0.4081998483831689,0.4077806724375477,0.4073614860133596,0.4069422902978379,0.4065230864858569,0.4061038757793471,0.4056846593867857,0.4052654385227539,0.4048462144075487,0.4044269882668713,0.4040077613315412,0.4035885348372688,0.403169310024483,0.4027500881381637,0.4023308704277408,0.4019116581470004,0.4014924525540238,0.4010732549111389,0.4006540664849043,0.4002348885460904,0.3998157223696781,0.3993965692348656,0.3989774304250817,0.3985583072280111,0.3981392009356066,0.3977201128605211,0.3973011272291918,0.0340911503274711,0.034036110857801,0.0339810407268805,0.0339259425357218,0.033870818694481,0.033815671446289,0.033760502886276,0.0337053149767145,0.0336501095590728,0.0335948883636634,0.0335396530174495,0.0334844050504788,0.0334291459013241,0.0333738769218317,0.0333185993814104,0.0332633144710446,0.0332080233071548,0.0331527269354035,0.0330974263344981,0.0330421224200297,0.0329868160483568,0.0329315080205291,0.0328761990862422,0.0328208899477938,0.0327655812640207,0.032710273654184,0.0326549677017705,0.0325996639581872,0.0325443629463163,0.0324890651639096,0.0324337710868033,0.0323784811719355,0.0323231958601533,0.0322679155788048,0.0322126407441087,0.0321573717632999,0.0321021090365589,0.0320468529587217,0.0319916039207872,0.0319363623112244,0.031881128517094,0.0318259029249981,0.0317706859218685,0.0317154778956102,0.0316602792356126,0.031605090333143,0.0315499115816392,0.0314947433769079,0.0314395861172501,0.0313844402056668,0.03132931693118,299.1693024332149,299.1679506954856,299.1666217109558,299.16531566656374,299.1640327485593,299.1627731424956,299.16153703322107,299.1603246048716,299.1591360408636,299.1579715238868,299.1568312358977,299.15571535811284,299.15462407100256,299.153557554285,299.1525159869202,299.15149954710444,299.15050841226457,299.14954275905296,299.148602763342,299.1476886002192,299.1468004439825,299.14593846813506,299.14510284538096,299.14429374762057,299.1435113459461,299.14275581063725,299.142027311157,299.1413260161474,299.1406520934253,299.1400057099785,299.1393870319616,299.1387962246919,299.13823345264564,299.137698879454,299.13719266789894,299.1367149799096,299.13626597655804,299.13584581805566,299.13545466374893,299.1350926721156,299.1347600007608,299.1344568064129,299.1341832449195,299.1339394712435,299.13372563945893,299.133541902747,299.13338841339174,299.133265322776,299.13317278137737,299.1331109387635,299.1330799435883,0.0,0.0607933483884911,0.122888664038758,0.1838321722885096,0.2436450763169267,0.3023481942156061,0.3599619658123883,0.4165064593794102,0.4720013782272153,0.5264660671867449,0.5799195189810067,0.6323803804881764,0.683866958897871,0.7343972277623,0.7839888329439698,0.8326590984615975,0.880425032235858,0.9273033317365704,0.9733103895328964,1.0184622987481102,1.0627748584204644,1.10626357877167,1.148943686384461,1.1908301292907266,1.2319375819716327,1.272280450271174,1.3118728762245435,1.3507287428027033,1.3888616785745216,1.4262850622878116,1.4630120273705929,1.4990554663538809,1.5344280352172868,1.569142157658686,1.603210029289214,1.6366436217548006,1.669454686785471,1.7016547601735863,1.733255165682221,1.7642670188848049,1.7947012309372057,1.8245685122833448,1.8538793762954695,1.8826441428501723,1.9108729418412227,1.9385757166302755,1.9657622274365,1.9924420546661517,2.018624602183104,2.0443191005213235,2.069534610040295
555947551,0.4879416125948261,51,0.7634180682491802,60.55908684716859,0.5803410005802468,2.3350281240947865e-07,0.0653515309994387,0.6063714572039679,2.7446262908708747,0.9476769353153032,0.9153916456622356,0.9207582897219568,930.4404075105527,1060.502606542895,0.3884348407923466,34.65700632183404,300.94154052918896,41730.562322930826,0.0619285340235059,61.92853402350597,1.1667124589012785,317.8448093704067,1.0926126249773591,0.4191346310969591,316.32207210051865,3.1096879525765764,1.166000868000638,1.1652706095595171,1.1645212436293515,1.1637522884647142,1.1629632527137568,1.1621536384754727,1.16132294307253,1.160470658821824,1.1595962709932823,1.1586992547625814,1.157779071992844,1.156835168334597,1.1558669707956213,1.1548738857540497,1.1538552973168266,1.152810565909655,1.1517390270070442,1.1506399899463824,1.1495127367973024,1.1483565212758238,1.1471705677052135,1.145954070033273,1.1447061909206977,1.1434260609185825,1.1421127777554403,1.1407654057553112,1.1393829754087987,1.137964483117789,1.136508891132123,1.1350151276923002,1.1334820873863454,1.131908631721226,1.1302935898999584,1.1286357597851493,1.1269339090189534,1.1251867762591536,1.1233930724823262,1.1215514822988923,1.1196606652221532,1.1177192568347,1.1157258698010155,1.1136790946842177,1.1115775005368642,1.109419635249365,1.1072040256533806,1.1049291773904455,1.1025935745667448,1.1001956792229437,1.0977339306528744,1.0952067446116294,1.0926126249773591,0.4470501288872529,0.4467780005824387,0.4464988271909467,0.446212420575639,0.4459186241879105,0.4456173156390151,0.4453083920908597,0.4449917472513486,0.4446672504084736,0.4443347346229277,0.4439939944834417,0.4436447894970807,0.4432868492536044,0.4429198783167847,0.4425435600176439,0.4421575589570844,0.4417615224684177,0.4413550814402501,0.440937850810886,0.4405094299423048,0.440069403016427,0.4396173395435682,0.4391527950405896,0.4386753119195485,0.4381844206143825,0.4376796409616117,0.4371604838392254,0.4366264530533973,0.4360770474457011,0.4355117631740796,0.4349300960998588,0.4343315441922696,0.4337156098434008,0.4330818019730628,0.4324296377974588,0.4317586441403973,0.4310683581826366,0.4303583275738351,0.4296281098709363,0.4288772713127641,0.4281053849881669,0.427312028498334,0.4264967812473912,0.4256592215151341,0.4247989234698081,0.4239154542679325,0.4230083713649296,0.4220772201292128,0.4211215318178893,0.4201408219406967,0.4191346310969591,317.8189545560392,317.7679843435901,317.7176087408479,317.6678421010227,317.61869895884706,317.5701940295685,317.52234220719265,317.4751585622697,317.428658339681,317.3828569568452,317.3377700025773,317.29341323664374,317.2498025899445,317.2069541652174,317.16488423816463,317.1236092589245,317.083145853836,317.0435108274653,317.00472116487424,316.9667940341202,316.9297467889758,316.89359697185864,316.8583623169576,316.8240607535397,316.7907104094166,316.75832961454427,316.72693690472727,316.6965510253892,316.6671909353701,316.63887581070566,316.61162504833817,316.58545826971067,316.560395324191,316.53645629227907,316.5136614885509,316.4920314643027,316.4715870098651,316.4523491565723,316.4343391783796,316.41757859313947,316.402089163558,316.38789289786683,316.3750120502539,316.36346912110525,316.3532868571141,316.3444882513134,316.33709654308734,316.3311352182119,316.32662800896884,316.3235988943697,316.32207210051865,0.0,0.112626570859087,0.2578020625534128,0.4010135385010793,0.5417746275546863,0.6795804267671404,0.8139433542571155,0.9444200512497504,1.0706314959578562,1.192274549066643,1.3091253962788625,1.4210367084582278,1.5279307303696348,1.6297902613511566,1.726648982086593,1.818582063304855,1.905697577794132,1.988128949196272,2.066028491017447,2.139561987588338,2.2089042184626164,2.274235308816919,2.335737787202753,2.3935942399226176,2.4479854632408324,2.4990890277014333,2.547078181482456,2.5921210312428102,2.634379949043744,2.6740111626246006,2.711164493676288,2.745983214931469,2.7786040020373965,2.8091569604498883,2.837765711124452,2.864547521705169,2.889613472327817,2.913068647148391,2.9350123443550906,2.955538298781438,2.97473491236078,2.992685488589092,3.0094684679280865,3.025157661711761,3.0398224826400866,3.053528170372331,3.0663360110853377,3.0783035501517952,3.089484797330944,3.0999304240580217,3.1096879525765764
878174020,0.373718791537572,51,0.5974299648382537,485.9183477927521,0.8296255656986787,8.405197323391357e-06,0.0115110558955542,0.211376104516635,1.7262624742737556,5.188862273158271,0.8603963893694018,0.3342869570802674,1002.1193672556758,1054.696396931991,0.2676070681083556,23.582985623101912,306.4072865409076,26007.44375891173,0.0717716332387948,71.77163323879482,0.7137715612424091,309.24429833248104,0.4826960333359057,0.0252866074381978,306.70232421419337,3.84638124046028,0.7079724314966118,0.7021891651876979,0.6964301052476833,0.6906961667458459,0.6849884984036397,0.6793084034671171,0.6736573517240247,0.668037014707172,0.6624492851785555,0.6568962718916126,0.6513802760043261,0.6459037590307131,0.6404693089539261,0.6350796066423896,0.6297373922468532,0.6244454310237312,0.6192064788188739,0.6140232481657878,0.6088983761711232,0.603834395156275,0.5988337066553927,0.5938985590433844,0.5890310288635323,0.5842330058270871,0.5795061814128026,0.5748520409562988,0.5702718590669912,0.5657666981471733,0.5613374097280498,0.5569846382945577,0.5527088272506063,0.5485102266767594,0.5443889025465789,0.5403447470887386,0.5363774900049604,0.5324867102772743,0.5286718483225278,0.5249322182783177,0.5212670202327153,0.5176753522393418,0.5141562219880205,0.5107085580279106,0.5073312204638526,0.5040230110674266,0.5007826827622527,0.4976089484587512,0.4945004892272477,0.4914559618100511,0.4884740054893916,0.4855532532164663,0.4826960333359057,0.0873757408732511,0.0859109790294006,0.0844098045414649,0.0828776693680398,0.0813179986882091,0.0797334748516814,0.0781271341417147,0.0765026653744818,0.0748642416359809,0.0732162352862966,0.0715629993849386,0.0699087598680022,0.0682575817882023,0.0666133571369544,0.0649797848917079,0.0633603403717656,0.0617582435113216,0.0601764352726095,0.0586175657188252,0.0570839922923165,0.0555777848184545,0.0541007341513784,0.052654362748547,0.0512399366601246,0.0498584789800004,0.0485107847991176,0.0471974374319456,0.04591882543772,0.0446751598745656,0.0434664913081749,0.0422927262653255,0.0411536429833486,0.0400489064042213,0.0389780823903078,0.0379406511258155,0.0369360196495095,0.035963533463611,0.0350224871852116,0.034112134239712,0.0332316956264652,0.032380367805392,0.0315573297585212,0.0307617492771138,0.0299927885201005,0.0292496088876467,0.02853137525568,0.0278372596211594,0.0271664442108376,0.0265181241077832,0.0258915104800344,0.0252866074381978,309.19559762388263,309.1000024719271,309.0059105638795,308.9133658149258,308.822410460115,308.7330849808736,308.64542806084506,308.55947654064914,308.47526536365154,308.3928275177848,308.31219398150705,308.2333936798941,308.156453453574,308.08139804099847,308.00825007381064,307.93703008515905,307.867756530983,307.80044582420663,307.7351123814556,307.67176868151546,307.6104253344224,307.5510911598764,307.4937732735753,307.4384771800482,307.3852068705812,307.33396492486025,307.2847526150035,307.2375700107162,307.19241608439256,307.1492888150934,307.1081852904496,307.0691018056719,307.03203395897447,306.9969767428424,306.96392463068867,306.9328716585537,306.90381150159834,306.8767375452298,306.8516429507814,306.8285207157353,306.8073637285376,306.7881648181045,306.77091679815646,306.7556125065527,306.7422448398187,306.7308067830812,306.72129143563643,306.713692032388,306.7080019613936,306.7042147777644,306.70232421419337,0.0,0.0760420820639427,0.1645908024997233,0.2526039179870547,0.3400858627338988,0.4270409824171722,0.5134734911630331,0.5993874766740661,0.6847869051433062,0.7696756259651936,0.8540573762530792,0.9379357851724428,1.0213143780985412,1.1041965806068028,1.1865857223038458,1.2684850405066523,1.3498976837770245,1.430826715318129,1.5112751162395623,1.5912457886970797,1.6707415589128132,1.7497651800814924,1.82831933516794,1.9064066396008188,1.984029643867356,2.0611908360135622,2.137892644054189,2.21413743829648,2.28992753358156,2.3652651914471137,2.440152622214794,2.5145919870056668,2.588585399686788,2.662134928751869,2.7352425991388585,2.8079103939870467,2.880140256336275,2.951934090770594,3.0232937650086744,3.0942211114430864,3.164717928630524,3.234785982734885,3.304427008925058,3.373642712729125,3.442434771346687,3.5108048349208048,3.578754527771104,3.646285449589406,3.713399176599231,3.780097262680456,3.84638124046028
389679826,0.735606166422324,51,0.3378606921703501,181.90728736606877,0.1824664749814896,3.6728010110979193e-06,0.0794771590640464,0.317794263662576,1.0348638522153464,0.6701113573223925,0.7470578967547551,0.8160682314200236,805.7945966670096,929.7654401005644,0.2363296045785797,46.84895669785895,312.22372249948324,47324.441953371046,0.4112428344869132,411.2428344869133,4.560228223184693,308.9109582094342,4.560228213029931,0.2347883909669038,309.9179023434899,21.21883919001904,4.56022822318468,4.560228223184653,4.560228223184609,4.560228223184536,4.560228223184426,4.560228223184265,4.560228223184039,4.560228223183724,4.560228223183295,4.560228223182719,4.560228223181957,4.560228223180958,4.560228223179662,4.560228223177995,4.560228223175868,4.560228223173174,4.560228223169782,4.560228223165537,4.56022822316025,4.560228223153698,4.560228223145614,4.560228223135682,4.560228223123523,4.56022822310869,4.560228223090652,4.560228223068785,4.560228223042347,4.5602282230104665,4.560228222972117,4.560228222926089,4.560228222870962,4.560228222805071,4.56022822272646,4.560228222632834,4.560228222521511,4.560228222389346,4.560228222232666,4.560228222047173,4.560228221827847,4.560228221568827,4.56022822126327,4.560228220903198,4.560228220479299,4.560228219980723,4.560228219394828,4.56022821870688,4.560228217899724,4.560228216953384,4.560228215844609,4.5602282145463455,4.560228213029931,0.2347883914829273,0.2347883914829233,0.2347883914829176,0.2347883914829092,0.2347883914828976,0.2347883914828816,0.2347883914828608,0.2347883914828331,0.2347883914827968,0.2347883914827501,0.2347883914826903,0.2347883914826145,0.2347883914825189,0.2347883914823991,0.2347883914822503,0.234788391482066,0.2347883914818387,0.23478839148156,0.2347883914812192,0.2347883914808043,0.2347883914803005,0.2347883914796912,0.2347883914789558,0.2347883914780709,0.2347883914770087,0.2347883914757363,0.2347883914742156,0.2347883914724016,0.2347883914702418,0.2347883914676745,0.234788391464628,0.234788391461018,0.2347883914567463,0.2347883914516983,0.23478839144574,0.2347883914387155,0.2347883914304427,0.2347883914207095,0.2347883914092686,0.2347883913958326,0.234788391380066,0.2347883913615784,0.2347883913399162,0.2347883913145506,0.2347883912848675,0.2347883912501515,0.2347883912095715,0.2347883911621608,0.2347883911067958,0.2347883910421702,0.2347883909669038,308.93181461209593,308.9724530003599,309.01210372856485,309.05077857828263,309.08848903401446,309.1252462846289,309.16106122469563,309.1959444557178,309.22990628726353,309.2629567379991,309.2951055366246,309.3263621227142,309.356735647462,309.3862349743352,309.4148686796363,309.44264505297525,309.4695720976534,309.49565753096005,309.520908784384,309.5453330037397,309.5689370492114,309.5917274953145,309.6137106307767,309.63489245833955,309.6552786944813,309.67487476906314,309.6936858248978,309.7117167172444,309.7289720132282,309.7454559911864,309.7611726399422,309.77612565800683,309.7903184527102,309.8037541392616,309.8164355397403,309.8283651820177,309.8395452986102,309.8499778254646,309.8596644006755,309.86860636313577,309.8768047511195,309.88426030079904,309.89097344469485,309.89694431005904,309.90217271719297,309.9066581776981,309.9103998926604,309.9133967507683,309.91564732636385,309.91714987742654,309.9179023434899,0.0,1.4551931054223273,2.944169972876808,4.428743289348727,5.910756714869469,7.3912438860432355,8.870794107044556,10.349752328725549,11.828326479823408,13.306645591998352,14.78479193138991,16.262814291964542,17.726271152563683,18.982083444579622,19.85068800106816,20.397938719165985,20.730875588244714,20.930228730363748,21.04862282367172,21.118619414143105,21.15989467324425,21.184195365137025,21.19848808460142,21.20688888712085,21.211824225357034,21.21472255968605,21.216424091908348,21.21742272247973,21.218008656221084,21.21835235119804,21.21855389928136,21.218672057382346,21.21874130830139,21.218781883656824,21.21880565048898,21.21881956762456,21.21882771458281,21.218832482248384,21.218835271440607,21.218836902656037,21.21883785633542,21.218838413713385,21.21883873936392,21.218838929562303,21.218839040610973,21.21883910542517,21.21883914324121,21.218839165297368,21.21883917815706,21.21883918565217,21.21883919001904
195064293,0.6347274778296936,51,0.5986610834960293,187.57367208276236,0.7388855608315642,1.1141832279780326e-06,0.0723541300125743,3.260627610484707,4.744147346836368,2.288437501887295,0.435632480567711,1.0603135841011777,1110.5410645483491,964.14580399829,0.2774959070126738,15.78424103714784,298.6425418918492,58938.63279229119,0.1615070185601254,161.50701856012543,1.781762871833754,312.5591504841618,0.0113444030602267,0.003379438193571,296.8049718688949,63.73553174278703,1.7817504403620488,1.7817336899087808,1.781710193722119,1.7816799260688647,1.781642095572146,1.7815945426492992,1.7815336207183003,1.781454030847457,1.7813487880307517,1.7812091408878794,1.7809992824296368,1.7798271516921496,1.7777414578639787,1.7735496991147173,1.7650787567968993,1.7479743650969102,1.7134979411222442,1.6441898532986423,1.5055783876681754,1.232353942357264,0.7339349533780588,0.2618872304243834,0.1154687164910188,0.0702472623683311,0.05131247171023,0.0413540959031136,0.0352544360033714,0.0311105086974736,0.0280831182607791,0.0257522094000496,0.0238862097551541,0.022347430361994,0.0210488921636071,0.0199328654934167,0.0189594316937642,0.0181000225122634,0.0173335875842284,0.0166442238228197,0.0160196561257654,0.0154502309830353,0.014928231605676,0.014447400160739,0.0140025970961926,0.0135895533910293,0.0132046871848089,0.0128449658564425,0.0125078007814388,0.0121909659544111,0.0118925343030923,0.0116108272965789,0.0113444030602267,3.236125585004234,3.236114030513324,3.236096051072182,3.2360778149878477,3.236057334197901,3.236031035011346,3.235994996922127,3.23594482828097,3.235876003207212,3.2357837472351787,3.2355978411198256,3.2330942350509315,3.230690141599841,3.2251643816212456,3.2139350804483726,3.19126593270431,3.1455938800565275,3.053763640681124,2.8697886670643107,2.5045261835087804,1.806184010748331,0.8162123930027748,0.2812062497744202,0.1280396740977821,0.0751160906155332,0.0510799920671905,0.0379222636645894,0.0297738446081723,0.0242825044038777,0.020351563880893,0.0174089994390845,0.0151297850343771,0.0133164400311661,0.011842372252202,0.0106228093995627,0.0095988953096161,0.008728508736352,0.0079807192647957,0.0073323115780883,0.006765523904162,0.0062665391027412,0.0058244501363241,0.0054305348392343,0.0050777371773706,0.0047602895714688,0.0044734333660405,0.0042132089769476,0.0039762962215285,0.0037598913763861,0.0035616114664126,0.003379438193571,312.21332357303817,311.51524146356974,310.8031799011416,310.0768735439233,309.3360520179341,308.580440290587,307.80975943506706,307.0237274771382,306.2220603510806,305.4044728766171,304.5706797796199,303.7204129363402,302.8539733979828,301.97163401044145,301.07443626768816,300.1648322163375,299.2481073396441,298.335240727786,297.4485954154483,296.6330232823074,295.9760283129311,295.624738521938,295.56692680872203,295.59807536721354,295.6546063127762,295.72003975072533,295.78875188825174,295.8583169111064,295.9274928378215,295.9955568645208,296.06204423648416,296.1266311505625,296.18907657923546,296.2491909161397,296.30681791956295,296.36182372573245,296.41408984540226,296.4635085177662,296.5099795191219,296.553407901679,296.5937023470234,296.6307739367352,296.6645352130752,296.69489944566936,296.72178004721627,296.7450900987338,296.7647419564517,296.7806469202756,296.792714949144,296.80085441238657,296.8049718688949,0.0,1.458546002846666,3.126604376930041,5.107596188386751,7.402446961614636,9.637769178886598,12.00009892695082,14.631082112514562,17.070446696019793,19.289024848492048,21.105099172043225,22.674137393663774,24.413969098910613,25.709108460574736,26.94378438782387,28.141929965771617,29.206391603893643,30.223039028893496,31.24008968650688,32.25728494155733,33.274516513207054,34.29166600026966,35.30872136190199,36.32571272356996,37.34258502632608,38.35931245995787,39.37594017304512,40.39244068931798,41.408781666661405,42.42500972778477,43.441112995643394,44.45705385141374,45.47287609444928,46.48857905147926,47.504121211484005,48.51954167936657,49.53484882024136,50.54999858381007,51.565024405736686,52.57994233949821,53.5947070413128,54.60934571900203,55.62388109250213,56.638267647923726,57.652526042647565,58.66668477482502,59.68069916524774,60.69458315930728,61.70837019565644,62.722017323929926,63.73553174278703
727686193,0.4910474868777895,51,0.7947257862256927,390.8857043292744,0.901716876886552,2.856777027512747e-06,0.0825857844357658,1.6683429730195178,0.2285505065421078,0.5979012693946859,0.9759096418297588,1.3099300805382506,1177.1220331286709,810.2050998544287,0.3599298973382512,36.77509671517921,302.7512507540958,30860.34204853793,0.0568534023970383,56.85340239703832,0.6829999610090893,311.9945670334874,0.0,0.0,310.1632730966934,5.693074278046881,0.6805034317086376,0.6770763112680205,0.6726084363716988,0.6669803426483608,0.6600628790324903,0.6517161989904138,0.6417891851690504,0.6301197033118128,0.6165362216318632,0.6008612893492833,0.582916440577735,0.5625269957417764,0.5395277441028847,0.5137719115971969,0.4851439521703604,0.4535766590549725,0.419073432343847,0.3817364908952824,0.341801489017898,0.2996782154322494,0.2559954740306448,0.2116453596196672,0.167817196050011,0.1260035078962747,0.0879489109218224,0.0554988154044381,0.0302951243271847,0.0132831559775911,0.004097065484635,0.0006925687607898,4.011677749328608e-05,3.518629443485859e-07,0.0,0.0,0.0,0.0,0.0,0.0,0.0,0.0,0.0,0.0,0.0,0.0,0.0,0.0,0.0,0.0,0.0,0.0,0.0,0.4070713104334396,0.4040385084359055,0.4004666293996936,0.3962994629804401,0.391473447216962,0.385917143369445,0.3795511977480301,0.3722891722028449,0.3640396519570279,0.3547096187875279,0.3442068102659186,0.3324380437305023,0.3193093127386653,0.3047314533964008,0.2886272510844242,0.2709400372372041,0.2516449469466655,0.2307634227648251,0.2083813755147497,0.1846711112702064,0.1599164715718842,0.1345393914450386,0.109123851335712,0.0844295352587088,0.0613818751350768,0.0410176004190341,0.0243573260144355,0.0121768530613948,0.0046789984754112,0.0011784102547224,0.0001470637415051,5.684155808814196e-06,0.0,0.0,0.0,0.0,0.0,2.635022241816854e-08,0.0,2.479319652366557e-08,0.0,0.0,0.0,0.0,0.0,2.632867190248037e-08,0.0,0.0,0.0,2.63431704739852e-08,0.0,311.9482006501097,311.85565682097706,311.76303113459016,311.6704864592555,311.5782035733954,311.4863825466097,311.3952442701921,311.30503207587026,311.2160133242711,311.1284807668664,311.0427534132156,310.9591766969886,310.8781219547192,310.7999850913326,310.72518396067954,310.65415391056484,310.5873408691656,310.5251912282003,310.46813766322657,310.41657996300813,310.3708599833401,310.3312301102024,310.2978153006293,310.270570163376,310.2492350699762,310.23329946775016,310.2219867640308,310.2142827601582,310.2090348104476,310.20513934812294,310.2017826706732,310.19858316300656,310.19546485602666,310.19243349410624,310.1895000504598,310.18667519892176,310.1839692280697,310.1813920268108,310.1789530677791,310.17666138663753,310.1745255703223,310.1725537343215,310.1707535110979,310.1691320313166,310.16769590860207,310.16645122414906,310.1654035125998,310.16455774419444,310.1639183151844,310.16348903143194,310.1632730966934,0.0,0.1115664045530078,0.2255605313310009,0.3395455133019668,0.4535222293568965,0.5674914383258778,0.6814538099022531,0.7954099305594127,0.909360326824702,1.0233054649995337,1.1372457659088546,1.2511816081205684,1.3651133307589538,1.4790412464565443,1.592965630055667,1.7068867415452365,1.82080480880234,1.934720045253252,2.0486326448978254,2.162542780987041,2.2764506205029065,2.390356307425568,2.5042599814166078,2.6181617683507405,2.7320617806219385,2.8459601300071484,2.9598569108098234,3.0737522164836277,3.1876461328474446,3.3015387333198603,3.415430096024409,3.5293202852261536,3.64320936355401,3.7570973925240647,3.8709844214750575,3.9848705052361737,4.098755690811586,4.212640018809128,4.326523535754838,4.440406276804311,4.554288278861458,4.668169578851455,4.782050203809635,4.895930187825431,5.00980955930017,5.123688340473127,5.237566561988865,5.351444244505625,5.465321409760401,5.579198082466069,5.693074278046881
460372430,0.4714227921392841,51,0.3949016395758652,324.53331045781124,0.4819488844080484,1.4857562999528572e-06,0.0288067315586967,1.6345052426843172,0.2707918757070301,0.5497614689842601,0.9436828310543648,1.872487910554071,1069.8273239773437,1156.1575798928588,0.4692347702917908,14.609650900122144,314.1969132989729,55939.379810308725,0.0568892640383852,56.88926403838521,1.0198691294736315,301.8110214933328,0.0,0.0,302.130460925965,6.6717723003543,0.9686977733028336,0.9146339278387726,0.8575287150933198,0.7972048616209529,0.7334843834000463,0.6662138067075182,0.5953173378192684,0.5209027176386503,0.4434565691291927,0.3641123643661904,0.2848298655100817,0.2084429057360818,0.1386773769969685,0.079967640784046,0.0366976206969321,0.0113600585802325,0.0016850614177063,5.935450703905665e-05,0.0,0.0,0.0,0.0,0.0,0.0,0.0,0.0,0.0,0.0,0.0,0.0,0.0,0.0,0.0,0.0,0.0,0.0,0.0,0.0,0.0,0.0,0.0,0.0,0.0,0.0,0.0,0.0,0.0,0.0,0.0,0.0,0.0,0.4190247100605457,0.4016318927387076,0.382655341152935,0.361857253838757,0.3389670213981355,0.3136952844523176,0.2857753065025488,0.2550612478919237,0.2217258814544043,0.1864581745657492,0.1503245304610075,0.1145567305144753,0.0807043610088229,0.0507177194960638,0.0267642981683607,0.010638450814304,0.0025955925740781,0.000264725725532,5.69161653365179e-06,0.0,0.0,0.0,0.0,0.0,0.0,0.0,0.0,0.0,0.0,0.0,0.0,0.0,0.0,4.421915244430132e-09,0.0,4.3579518929620376e-09,0.0,0.0,4.425323853338005e-09,0.0,0.0,0.0,0.0,0.0,0.0,0.0,0.0,0.0,0.0,0.0,0.0,301.796161162388,301.7690048983045,301.7444876619895,301.7227635872166,301.7039958302931,301.68835673268086,301.6760266591719,301.6671900282931,301.6620257352075,301.6606872044747,301.66326818678704,301.6697589543927,301.6799998569893,301.6936337992433,301.71006827660995,301.7284773937648,301.7479011776393,301.76749710300044,301.7868234342104,301.80578083933904,301.82434978752866,301.8425140544043,301.8602576117431,301.8775646380506,301.8944195370454,301.9108069544973,301.92671179487724,301.9421192378083,301.9570147543004,301.9713841227491,301.9852134446827,301.99848916023694,302.0111980633429,302.02332731660726,302.03486446601954,302.0457974546294,302.05611463728604,302.06580479315886,302.07485713965383,302.0832613448288,302.09100753922075,302.09808632841674,302.1044888040115,302.110206554627,302.1152316763618,302.1195567827493,302.12317501421126,302.12608004699547,302.12826610158567,302.1297279505709,302.130460925965,0.0,0.1283455106409228,0.261937583826917,0.3955262405991819,0.529111607923969,0.6626937982399137,0.7962729175304751,0.929849061783677,1.063422327337998,1.1969928139436006,1.330560611566339,1.464125805635834,1.5976884752549838,1.731248692915236,1.8648065421216309,1.9983620973151248,2.131915429037212,2.2654666040131985,2.399015683025843,2.5325627248178013,2.666107797734579,2.7996509604385347,2.933192269350769,3.0667317777692493,3.200269533946452,3.333805584221524,3.4673399851311357,3.60087278424428,3.7344040273257617,3.867933757745791,4.001462015000773,4.134988834284844,4.268514262188212,4.402038338639968,4.535561101144836,4.669082585471021,4.802602824650068,4.936121846553492,5.069639685749103,5.203156378225367,5.336671954965096,5.470186445704379,5.603699878365839,5.737212277668172,5.87072366496541,6.004234073145595,6.137743528846979,6.271252056892934,6.404759680952324,6.538266422752563,6.6717723003543
