seed,L,Nz,eps,rho_B,u,D_ax,kL,qmax,b,n,lam_z,rho_g,cp_g,cp_s,D_col,h_w,T_wall,dH,dt,t_end,C_in,T_in,C_out_final,q_out_final,T_out_final,N_ads_final,C_z0,C_z1,C_z2,C_z3,C_z4,C_z5,C_z6,C_z7,C_z8,C_z9,C_z10,C_z11,C_z12,C_z13,C_z14,C_z15,C_z16,C_z17,C_z18,C_z19,C_z20,C_z21,C_z22,C_z23,C_z24,C_z25,C_z26,C_z27,C_z28,C_z29,C_z30,C_z31,C_z32,C_z33,C_z34,C_z35,C_z36,C_z37,C_z38,C_z39,C_z40,C_z41,C_z42,C_z43,C_z44,C_z45,C_z46,C_z47,C_z48,C_z49,C_z50,q_z0,q_z1,q_z2,q_z3,q_z4,q_z5,q_z6,q_z7,q_z8,q_z9,q_z10,q_z11,q_z12,q_z13,q_z14,q_z15,q_z16,q_z17,q_z18,q_z19,q_z20,q_z21,q_z22,q_z23,q_z24,q_z25,q_z26,q_z27,q_z28,q_z29,q_z30,q_z31,q_z32,q_z33,q_z34,q_z35,q_z36,q_z37,q_z38,q_z39,q_z40,q_z41,q_z42,q_z43,q_z44,q_z45,q_z46,q_z47,q_z48,q_z49,q_z50,T_z0,T_z1,T_z2,T_z3,T_z4,T_z5,T_z6,T_z7,T_z8,T_z9,T_z10,T_z11,T_z12,T_z13,T_z14,T_z15,T_z16,T_z17,T_z18,T_z19,T_z20,T_z21,T_z22,T_z23,T_z24,T_z25,T_z26,T_z27,T_z28,T_z29,T_z30,T_z31,T_z32,T_z33,T_z34,T_z35,T_z36,T_z37,T_z38,T_z39,T_z40,T_z41,T_z42,T_z43,T_z44,T_z45,T_z46,T_z47,T_z48,T_z49,T_z50,Qtot_t0,Qtot_t1,Qtot_t2,Qtot_t3,Qtot_t4,Qtot_t5,Qtot_t6,Qtot_t7,Qtot_t8,Qtot_t9,Qtot_t10,Qtot_t11,Qtot_t12,Qtot_t13,Qtot_t14,Qtot_t15,Qtot_t16,Qtot_t17,Qtot_t18,Qtot_t19,Qtot_t20,Qtot_t21,Qtot_t22,Qtot_t23,Qtot_t24,Qtot_t25,Qtot_t26,Qtot_t27,Qtot_t28,Qtot_t29,Qtot_t30,Qtot_t31,Qtot_t32,Qtot_t33,Qtot_t34,Qtot_t35,Qtot_t36,Qtot_t37,Qtot_t38,Qtot_t39,Qtot_t40,Qtot_t41,Qtot_t42,Qtot_t43,Qtot_t44,Qtot_t45,Qtot_t46,Qtot_t47,Qtot_t48,Qtot_t49,Qtot_t50
469770510,0.2914323449350723,51,0.5642660223825786,242.43434583343276,0.1938802528871048,9.436872514569096e-06,0.0041224702031289,0.1950394154567801,0.2085939610850063,0.159287039827171,0.1057432150088147,0.2085201543607268,1125.9535134117334,838.5723384445602,0.3554686498453338,38.42600358177856,306.5672301980345,56391.95120371628,0.495583143185058,495.583143185058,3.0488632310685526,311.81290166469853,3.0161738415224493,0.0815583917206865,308.1108922762763,2.573708628306564,3.04821947638379,3.047570210569841,3.046920764326029,3.0462711370574485,3.045621328193109,3.0449713371788216,3.044321163472516,3.04367080654109,3.0430202658580767,3.0423695409020235,3.0417186311550464,3.041067536104079,3.0404162555037697,3.03976482123209,3.0391171242737087,3.038773345692132,3.0382801946667954,3.037626992654836,3.036972892768989,3.03631860633424,3.0356641338135084,3.0350094745379725,3.034354627853872,3.0336995931162782,3.0330443696852005,3.0323889569241533,3.0317333541983467,3.0310775608740386,3.0304215763220763,3.029765400531869,3.029109108307739,3.028461334953892,3.0279333436212457,3.027280950882827,3.026622733601569,3.0259643139502828,3.025305704376874,3.024646904239882,3.023987912874419,3.0233287296609888,3.022669353951404,3.022009785106148,3.021350022484031,3.0206900654415745,3.020029913342185,3.0193695667844755,3.018709176036218,3.018065249050756,3.0174914024919004,3.0168307485429744,3.0161738415224493,0.0818159778850396,0.0818124597408356,0.0818089291606047,0.081805386809062,0.0818018331359271,0.0817982684565059,0.0817946929984713,0.0817911069295666,0.0817875103745462,0.0817839034259669,0.0817802861513632,0.0817766585981964,0.0817730207975917,0.0817693758570043,0.0817923375943474,0.0875709655707344,0.0847672953877947,0.081736410022854,0.0817192845328802,0.081715628676758,0.0817119810848934,0.0817083203186766,0.0817046466658669,0.0817009602868256,0.0816972612789564,0.0816935497035526,0.0816898255956243,0.0816860889692198,0.0816823398177334,0.0816785781163566,0.0816748781222965,0.0818172565212506,0.0841049404405771,0.0817499127526212,0.0816394837877125,0.0816355189727777,0.0816317893595534,0.081628047085589,0.0816242916925443,0.0816205240468594,0.0816167436055579,0.0816129505269103,0.0816091447833574,0.0816053263279351,0.0816014950947183,0.0815976510054064,0.0815940630178948,0.0818946798749594,0.0832352529844012,0.0815906285461703,0.0815583917206865,311.7430907512252,311.60675008300063,311.472947588063,311.34167931922497,311.21294218626326,311.08673394378445,310.9630531796934,310.8418993042653,310.72327253980944,310.6071739109274,310.4936052353607,310.382569115419,310.2740689299968,310.168108827169,310.06469371712825,309.9638272141642,309.8650698276779,309.7686401577166,309.6747774274338,309.5834916408382,309.4947925123054,309.4086904907773,309.3251967589666,309.2443232314661,309.1660825534074,309.09048809968255,309.0175539747157,308.947295012787,308.8797267789072,308.8148655702389,308.7527284180792,308.6933330846689,308.63668680668485,308.5826320205668,308.5313681591755,308.4829242180084,308.43732182667026,308.39458336054213,308.35473196609473,308.3177915678816,308.28378687602674,308.25274339439267,308.22468742929533,308.19964609882624,308.1776473427952,308.1587199332812,308.1428934858288,308.1301984505515,308.1206426862698,308.1141545033695,308.1108922762763,0.0,0.1708576483797933,0.2818111275602876,0.3883384725765982,0.4906162160610887,0.5888138524687783,0.6830941185454154,0.773613262542604,0.8605213027264447,0.9439622756037932,1.0240744742735903,1.100990677294728,1.174838368446526,1.2457399477430957,1.3138129340486475,1.3791701596271226,1.441919956946366,1.502166338044468,1.560009166753686,1.6155443240657537,1.6688638669111244,1.720056180613933,1.7692061252740974,1.816395176318027,1.8617015594498532,1.905200380225892,1.9469637484662337,1.9870608977088728,2.0255582999036497,2.062519775535432,2.098006599358468,2.1320776019166114,2.164789267017184,2.19619582531957,2.2263493441932685,2.255299813993932,2.2830952309000705,2.3097816764473893,2.335403393892307,2.360002861530961,2.383620863094981,2.406296555340503,2.428067532942243,2.448969890800018,2.469038283860816,2.4883059845554243,2.5068049379446813,2.5245658146666297,2.5416180617722146,2.5579899515336955,2.573708628306564
128130420,0.2367992275393591,51,0.449196490219231,117.15308903758424,0.7384358914536282,2.142620238173656e-07,0.0075800819452909,0.8244630633378109,0.1635318994233953,9.20144682716212,0.2927434548640748,1.5940217499791427,1019.3323769434684,927.9627600615996,0.3320363793679761,22.76822626094772,315.12875242094947,56852.4527148985,0.0373725611807536,37.3725611807536,3.07904782836651,304.00247823158776,3.078320364467183,0.0003641455193292,304.1537029542001,0.0057035225507508,3.079033583930004,3.0790193381237967,3.079005091808016,3.078990844882215,3.078976597311505,3.0789623490555607,3.0789481000749515,3.078933850346903,3.078919599860439,3.0789053486076856,3.078891096581754,3.0788768437777607,3.07886259019272,3.078848335824449,3.0788340806709225,3.078819824730315,3.0788055680011275,3.0787913104820914,3.0787770521720206,3.0787627930697554,3.0787485331742013,3.078734272484342,3.078720010999222,3.0787057487179164,3.078691485639527,3.078677221763197,3.0786629570881083,3.078648691613478,3.0786344253385467,3.078620158262586,3.0786058903848943,3.078591621704798,3.0785773522216524,3.078563081934832,3.078548810843737,3.0785345389477885,3.078520266246431,3.07850599273913,3.078491718425368,3.0784774433046467,3.0784631673764897,3.078448890640433,3.0784346130960314,3.078420334742856,3.0784060555804924,3.0783917756085404,3.078377494826615,3.078363213234344,3.078348930831368,3.078334647617393,3.078320364467183,0.0003676378644647,0.0003675899141844,0.0003675409755518,0.0003674841133921,0.0003674244984898,0.0003673617019123,0.0003672957944103,0.0003672280893736,0.000367159517585,0.0003670903234978,0.0003670205850284,0.0003669504601325,0.0003668800986853,0.00036680956385,0.0003667388681912,0.0003666680273938,0.0003665970670587,0.000366526005678,0.0003664548494588,0.00036638360071,0.0003663122643731,0.0003662408468391,0.0003661693526765,0.0003660977843755,0.0003660261442064,0.0003659544351934,0.0003658826605317,0.0003658108228511,0.0003657389242876,0.0003656669669695,0.0003655949531938,0.000365522885214,0.0003654507650454,0.0003653785945186,0.0003653063754332,0.0003652341095986,0.0003651617987565,0.0003650894445206,0.0003650170484044,0.0003649446118784,0.0003648721363841,0.0003647996233047,0.0003647270739439,0.0003646544895387,0.0003645818712844,0.0003645092203415,0.0003644365378252,0.000364363824796,0.0003642910822668,0.0003642183112145,0.0003641455193292,304.00518548015214,304.0104910895409,304.0157188524157,304.02086783725025,304.0259370996777,304.0309256823938,304.0358326150727,304.04065691428303,304.04539758340053,304.05005361252216,304.0546239783819,304.0591076442672,304.06350355993453,304.0678106615257,304.0720278714834,304.07615409846704,304.08018823726775,304.08412916872294,304.0879757596302,304.09172686266044,304.09538131627,304.0989379446119,304.10239555744573,304.10575295004617,304.10900890311035,304.11216218266327,304.1152115399619,304.11815571139704,304.12099341839325,304.1237233673069,304.1263442493216,304.1288547403408,304.1312535008791,304.13353917594924,304.1357103949469,304.1377657715326,304.1397039035097,304.1415233726997,304.1432227448131,304.14480056931774,304.1462553793017,304.1475856913336,304.14879000531715,304.149866804343,304.1508145545342,304.1516317048883,304.15231668711385,304.15286791546185,304.153283786552,304.1535626791934,304.1537029542001,0.0,0.0001011034627253,0.0002316557581619,0.0003614635322566,0.0004905389990642,0.0006188862898554,0.000746509512624,0.000873412752189,0.0009996000703244,0.0011250755058899,0.00124984307496,0.0013739067709523,0.0014972705647557,0.0016199384048571,0.0017419142174681,0.0018632019066507,0.0019838053544417,0.0021037284209778,0.0022229749446186,0.0023415487420693,0.0024594536085035,0.0025766933176842,0.0026932716220845,0.0028091922530081,0.0029244589207086,0.003039075314508,0.0031530451029151,0.0032663719337428,0.0033790594342248,0.0034911112111318,0.0036025308508868,0.00371332191968,0.0038234879635832,0.0039330325086626,0.0040419590610924,0.0041502711072666,0.0042579721139108,0.0043650655281928,0.0044715547778337,0.0045774432712165,0.0046827343974963,0.004787431526708,0.0048915380098746,0.0049950571791142,0.0050979923477468,0.0052003468104005,0.0053021238431163,0.0054033267034539,0.0055039586305952,0.0056040228454484,0.0057035225507508
569807840,0.2220403911882523,51,0.4473665037917373,365.97673161654257,0.4936851296348143,1.0942980692476233e-07,0.0020920720946543,7.55482519729716,1.31990581984976,7.235458092627141,0.8858303134906083,1.8243217015582132,1068.672323827213,1015.6766411694072,0.2472854330503678,43.712485534300406,309.78230257258645,43146.15577188072,0.1408444621450836,140.8444621450836,0.3866226492185659,298.8623663409005,0.3604256452284959,0.0083688136549028,298.9569111229823,0.5009482221749952,0.3859689890248849,0.3853226745238348,0.3846836084088945,0.3840516556223623,0.3834266802476015,0.382808547913203,0.3821971270216326,0.381592289274747,0.3809939098098213,0.380401867143268,0.3798160430373479,0.3792363223509059,0.3786625929016143,0.378094745348201,0.3775326730916519,0.3769762721906455,0.3764254412859201,0.3758800815292066,0.3753400965137913,0.3748053922051633,0.3742758768713002,0.3737514610128709,0.3732320572940364,0.372717580474625,0.3722079473443846,0.3717030766598116,0.3712028890838307,0.3707073071283552,0.3702162550996014,0.3697296590458905,0.3692474467076364,0.3687695474692132,0.3682958923124453,0.3678264137715267,0.3673610458892472,0.3668997241744767,0.3664423855608908,0.365988968366956,0.3655394122572069,0.3650936582048187,0.3646516484554818,0.3642133264925457,0.3637786370033896,0.3633475258469583,0.362919940022388,0.3624958276386552,0.3620751378851835,0.3616578210033501,0.3612438282588548,0.3608331119159007,0.3604256452284959,0.0145081830850458,0.0143066932661514,0.014111238619986,0.0139210608031266,0.013735689984605,0.0135548258949548,0.0133782622201588,0.0132058409336962,0.0130374266128343,0.0128728933908229,0.0127121193491161,0.0125549848858862,0.0124013729071225,0.0122511696116649,0.0121042652503433,0.0119605546105287,0.0118199371830546,0.0116823170668663,0.0115476027007082,0.0114157065098689,0.0112865445382123,0.0111600361126607,0.0110361035652569,0.0109146720199937,0.0107956692389324,0.0106790255146862,0.0105646735934435,0.0104525486132747,0.0103425880453401,0.0102347316296486,0.010128921301238,0.0100251011063364,0.0099232171107553,0.0098232173043079,0.0097250515054692,0.0096286712700352,0.0095340298064954,0.0094410818995395,0.0093497838418587,0.0092600933733903,0.0091719696265165,0.0090853730754741,0.0090002654883378,0.0089166098802904,0.0088343704673781,0.0087535126204539,0.0086740028194407,0.0085958086083387,0.0085188985515385,0.0084432421921722,0.0083688136549028,298.8641624931298,298.86768710789664,298.8711481619569,298.87454535172924,298.877878375558,298.8811469337395,298.8843507284897,298.8874894638812,298.8905628457671,298.8935705817018,298.8965123808624,298.8993879539732,298.9021970132337,298.9049392722498,298.90761444596734,298.91022225060806,298.91276240360764,298.9152346235549,298.9176386301328,298.91997414406103,298.9222408870399,298.9244385816958,298.92656695152857,298.9286257208595,298.93061461478175,298.93253335911186,298.93438168034254,298.9361593055968,298.9378659625835,298.939501379554,298.9410652852599,298.9425574089121,298.9439774801403,298.94532522895435,298.94660038570606,298.9478026810518,298.9489318459167,298.9499876114589,298.9509697090352,298.9518778701676,298.9527118265104,298.95347130981787,298.9541560519134,298.9547657846586,298.9553002399235,298.95575914955725,298.9561422453599,298.95644925905407,298.95667992225765,298.9568339664574,298.9569111229823,0.0,0.0101021487849586,0.0211888941400703,0.0322277766841994,0.0432190208352744,0.0541628493931619,0.0650594839250641,0.0759091448128829,0.0867120512203605,0.0974684211104384,0.1081784712561528,0.1188424172486008,0.1294604735048427,0.1400328532757429,0.1505597686537486,0.1610414305806076,0.171478048855025,0.1818698321402606,0.1922169879716654,0.2025197227641604,0.2127782418196553,0.2229927493344104,0.23316344840634,0.2432905410422584,0.2533742281650705,0.2634147096209047,0.2734121841861907,0.2833668495746831,0.2932789024444277,0.3031485384046757,0.312975952022744,0.3227613368308196,0.3325048853327149,0.342206789010567,0.3518672383314868,0.3614864227541567,0.3710645307353748,0.3806017497365521,0.390098266230156,0.3995542657061054,0.4089699326781167,0.4183454506899997,0.4276810023219056,0.4369767691965268,0.4462329319852477,0.4554496704142505,0.4646271632705719,0.4737655884081139,0.4828651227536077,0.4919259423125343,0.5009482221749952
87821799,0.542999114640759,51,0.7400301485826926,81.27361323148538,0.3973795096468703,2.281915487651393e-07,0.0033575719658241,5.551152884531335,0.929116295636948,0.1481106391857298,0.1383447805499057,1.1377477085685954,998.4585959082042,1122.7978071169923,0.3089978772591752,29.5007360498108,310.18138830906145,45508.532041865496,0.4774023864256836,477.4023864256837,4.106229522826642,304.5034452815954,3.788152210057676,2.406335000088293,301.1048060128771,28.369428997729155,4.100040106079231,4.093847869387789,4.087653123846447,4.081455853285176,4.075256041463724,4.069053672027578,4.062848728476008,4.056641194138306,4.050431077927863,4.044479306939659,4.039036043442079,4.032805386606782,4.0265709227582605,4.020333792840342,4.014093978318579,4.007851460306161,4.0016062197176,3.9953582372278262,3.9891074932524258,3.98285422481651,3.9770093411531615,3.9707745095828777,3.964503618082317,3.958229892493117,3.951953324251075,3.945673892507524,3.939391576129908,3.9331063536873936,3.926818203405164,3.9205271158754234,3.9143590369381824,3.908290481820624,3.9019818337923726,3.895669928876408,3.889355005691324,3.883037041048227,3.876716011407824,3.8703918928602,3.864064661124434,3.857734293334077,3.851433892576339,3.845380319041526,3.83903249317882,3.832680591039632,3.826325470821449,3.819967106599533,3.813605471896131,3.807240539785393,3.800872282916565,3.794500674681978,3.788152210057676,2.435430849488003,2.4349321785631868,2.434431300622266,2.433928212402592,2.433422904165443,2.4329153617670225,2.4324055678711587,2.4318935026552286,2.431380334123307,2.4567696262027177,2.507011612712501,2.4286151351779544,2.427978764213368,2.4274549819767923,2.426928722198795,2.4263999468649264,2.425868633200797,2.4253347542259074,2.424798279733112,2.424282527700505,2.464565038980155,2.4256045933741843,2.4217607076854386,2.4212133892875567,2.4206645511482034,2.4201129707970623,2.419558616764064,2.4190014560557977,2.418441450845089,2.4178791648180744,2.42982021349746,2.4394362223228248,2.415337551272682,2.4147410744094224,2.4141675730793146,2.413591062628242,2.413011504576202,2.4124288584855607,2.4118430836169997,2.4112541429495997,2.4139498409653912,2.43817918929221,2.40869839816578,2.4080130400202777,2.407412104873891,2.406807851151853,2.4062002197030528,2.4055891620850027,2.40497463199826,2.404356559787725,2.406335000088293,304.4501770473028,304.3460766815131,304.2428311438983,304.14047142877,304.03902944151463,303.93853802815465,303.8390310058547,303.74054319442695,303.64311044883914,303.5467696816671,303.451317614317,303.3563131737746,303.262499884201,303.16991971845056,303.0786148424003,302.98862869430207,302.9000060258001,302.8127929441497,302.727036955686,302.6427870107482,302.56009333252103,302.4786276322484,302.39878961183274,302.3206641008017,302.24430779524914,302.16977911728804,302.09713828118225,302.02644735042475,301.9577702966399,301.8911730602523,301.8267236075554,301.7643755111192,301.7041025561722,301.6461917336469,301.5907199113828,301.5377660922977,301.48741172378755,301.4397407750132,301.3948398165785,301.3527981026322,301.3137076555139,301.27763272860886,301.2444389766199,301.21448820706576,301.18788511374817,301.16473682603885,301.14515380283007,301.1292499371521,301.1171426638687,301.1089530707068,301.1048060128771,0.0,1.220195410284282,2.2919140407683045,3.3303915201444685,4.336652941800373,5.311692279091471,6.256473284304313,7.17193036612031,8.058969446047586,8.918468793755249,9.751279841342065,10.558227976651647,11.340113315811973,12.09771145523026,12.831774203317952,13.543030292255391,14.232186070133825,14.899926173834452,15.54691418302149,16.173793255638998,16.781186745310823,17.369698801049353,17.93991494968307,18.49240266141421,19.027711898918596,19.54637565039773,20.048910446991133,20.535816864952583,21.00758001298997,21.464670005162848,21.907542419725768,22.33663874429941,22.752386807744596,23.155201199106976,23.545483673993367,23.923623548732596,24.28999808266648,24.64497284890877,24.98890209390188,25.322129086093724,25.64498645404899,25.95779651430153,26.26087158924677,26.554514315365463,26.83901794206255,27.114666621579328,27.38173568944869,27.64049193699523,27.891193875532693,28.13409199213754,28.369428997729155
220547196,0.2279277581992236,51,0.6242939653883159,469.01776625622256,0.6328290069766478,1.123312526744853e-06,0.0145728082437857,4.827349320034455,0.2457028940057116,1.7543335780331797,0.4281978320006216,0.937650941178208,803.4684883572461,938.9014524193474,0.1828308502565153,27.10111090529066,317.006114240769,59376.24072708192,0.4819307086867538,481.9307086867538,0.8315826893813293,314.7698966757906,0.814338284246081,0.2610679704584837,314.6545316202805,11.187335895695917,0.8315573328010096,0.8315258653037042,0.8314878565181816,0.8314428649201949,0.8313904483919645,0.831330164898933,0.8312615731526914,0.8311842332592159,0.8310977073516195,0.8310015602066824,0.8308953598444734,0.8307786781104403,0.8306510912393926,0.8305121804008629,0.8303615322253765,0.830198739311223,0.8300234007113632,0.8298351224001606,0.82963351771968,0.8294182078053324,0.8291888219907042,0.8289449981914485,0.8286863832681596,0.8284126333681961,0.8281234142464672,0.8278184015652185,0.8274972811729147,0.8271597493623373,0.8268055131080577,0.826434290283481,0.8260458098576852,0.8256398120723125,0.8252160485988024,0.824774282676274,0.8243142892304063,0.8238358549736723,0.8233387784873188,0.8228228702854994,0.8222879528619849,0.8217338607199017,0.8211604403849525,0.820567550402602,0.8199550613197114,0.8193228556511245,0.818670827831717,0.8179988841544235,0.8173069426947739,0.816594933222468,0.8158627971005752,0.8151104872988794,0.814338284246081,0.2800678173562181,0.279972964820164,0.2798688926506116,0.2797553391399202,0.2796320510649571,0.2794987839117508,0.2793553020815359,0.2792013790784152,0.279036797678904,0.2788613500836139,0.2786748380513784,0.2784770730160977,0.2782678761866522,0.2780470786301914,0.2778145213391736,0.2775700552825052,0.2773135414411739,0.2770448508287716,0.2767638644973036,0.2764704735287261,0.2761645790126231,0.2758460920104855,0.275514933507025,0.2751710343490045,0.2748143351720325,0.2744447863158065,0.2740623477282754,0.2736669888592194,0.2732586885437044,0.2728374348759255,0.27240322507391,0.2719560653355744,0.2714959706866189,0.2710229648207442,0.27053707993267,0.2700383565444463,0.269526843325504,0.2690025969069426,0.2684656816904948,0.2679161696526374,0.2673541401442884,0.2667796796865313,0.266192881762804,0.2655938466079685,0.2649826809946722,0.2643594980174147,0.2637244168746981,0.2630775626496537,0.2624190660895501,0.2617490634930353,0.2610679704584837,314.7689562114313,314.7669925307303,314.76494239875274,314.76280857376616,314.7605939788004,314.758301702142,314.7559349975816,314.7534972844169,314.750992147216,314.7484233353471,314.745794762278,314.74311050465127,314.7403748011418,314.7375920511008,314.7347668129939,314.73190380263844,314.7290078912478,314.7260841032881,314.7231376141545,314.7201737476753,314.7171979734481,314.7142159040186,314.7112332919061,314.7082560264856,314.70529013073207,314.7023417578347,314.6994171876895,314.69652282327604,314.6936651869269,314.6908509164969,314.6880867614387,314.6853795787934,314.6827363291021,314.68016407224604,314.67766996322223,314.6752612478616,314.67294525849644,314.67072940958406,314.66862119329227,314.6666281750545,314.66475798909994,314.6630183339651,314.6614169679927,314.65996170482384,314.65866040888926,314.6575209909044,314.6565514033748,314.6557596361161,314.6551537117935,314.6547416814864,314.6545316202805,0.0,0.6930871402477303,1.35857677819824,1.9856785387863456,2.576750442828025,3.133912120234284,3.6590920946515695,4.154062582346854,4.620465502570726,5.059832190407228,5.473598527479205,5.863116694574523,6.229664405741391,6.574452246683601,6.898629574751444,7.203289320205284,7.489471943633382,7.758168742456883,8.010324653645341,8.246840665514613,8.46857592561138,8.676349611975938,8.870942619931936,9.053099104837967,9.223527912120508,9.382903918780436,9.531869304971508,9.671034769848136,9.800980702413046,9.922258315365092,10.035390747801072,10.140874140943923,10.239178689760092,10.330749672317218,10.416008457960949,10.495353494809722,10.56916127664073,10.6377872889381,10.7015669336712,10.760816432245583,10.815833706005892,10.866899233654118,10.914276884967984,10.958214730252545,10.99894582502708,11.036688969531404,11.071649442727562,11.104019710568847,11.133980108406316,11.161699497499914,11.187335895695917
423039280,0.3497135931122431,51,0.2193431474005129,171.18671372240584,0.2781583495668328,1.0315072533513945e-07,0.0028418938486862,0.1390304156124177,0.1534231512009655,1.374913635327623,0.636910605148305,0.4870583759634302,947.8145280485196,944.3849832155314,0.3577121664905303,11.221769103780533,308.81068215417906,27745.313466016065,0.2117633894266989,211.76338942669892,0.6300854585915188,317.8075742231416,0.6217294237648407,0.0023673413571051,317.5686601405854,0.1144122153345673,0.6299211916207805,0.6297569307335522,0.6295926850893102,0.6294284550560233,0.6292642409406148,0.6291000430026211,0.6289358614638157,0.6287716965154013,0.6286075483235555,0.628443417033793,0.628279302774446,0.6281152056594744,0.6279511257907586,0.6277870632599873,0.6276230181502223,0.6274589905372038,0.6272949804904443,0.6271309880741471,0.6269670133479833,0.6268030563677421,0.626639117185889,0.6264751958520309,0.6263112924133145,0.626147406914766,0.6259835393995764,0.6258196899093449,0.625655858484289,0.6254920451634212,0.6253282499847008,0.625164472985164,0.625000714201034,0.6248369736678165,0.6246732514203821,0.6245095474930388,0.6243458619195867,0.6241821947333764,0.6240185459673531,0.6238549156540927,0.6236913038258399,0.6235277105145342,0.6233641357518381,0.6232005795691619,0.623037041997678,0.6228735230683415,0.6227100228119071,0.6225465412589389,0.6223830784398253,0.6222196343847883,0.6220562091238939,0.6218928026875175,0.6217294237648407,0.0024333829465946,0.002432004629148,0.0024306345404575,0.0024292712036611,0.0024279135273349,0.0024265606644991,0.0024252119403665,0.0024238668087908,0.0024225248228274,0.0024211856135377,0.0024198488742143,0.0024185143483964,0.0024171818206167,0.0024158511091499,0.0024145220602479,0.002413194543495,0.0024118684480213,0.002410543679387,0.0024092201569994,0.0024078978119587,0.0024065765852556,0.0024052564262586,0.002403937291441,0.0024026191433091,0.0024013019494971,0.0023999856820035,0.0023986703165454,0.0023973558320117,0.0023960422100005,0.0023947294344265,0.0023934174911886,0.0023921063678873,0.0023907960535841,0.0023894865385978,0.0023881778143305,0.002386869873119,0.0023855627081087,0.0023842563131455,0.0023829506826834,0.0023816458117054,0.0023803416956558,0.0023790383303818,0.0023777357120839,0.0023764338372722,0.0023751327027301,0.0023738323054814,0.0023725326427632,0.0023712337120019,0.0023699355107919,0.0023686380368815,0.0023673413571051,317.8029980825841,317.79402624391935,317.78522136015084,317.7765838840547,317.7681142728886,317.7598129883106,317.7516804962963,317.7437172670553,317.73592377494805,317.72830049840115,317.7208479198235,317.7135665255215,317.70645680561535,317.6995192539548,317.6927543680354,317.6861626489156,317.679744601134,317.67350073262725,317.66743155464934,317.6615375816914,317.65581933140214,317.65027732451034,317.64491208474783,317.6397241387743,317.63471401610315,317.6298822490292,317.62522937255807,317.6207559243371,317.6164624445884,317.61234947604345,317.6084175638805,317.6046672556632,317.6010991012821,317.5977136528984,317.5945114648897,317.591493093799,317.5886590982855,317.5860100390786,317.5835464789345,317.5812689825955,317.5791781167524,317.57727445000967,317.5755585528541,317.5740309976257,317.5726923584928,317.5715432114297,317.5705841341977,317.5698157063299,317.5692385091187,317.5688531256075,317.5686601405854,0.0,0.002521201418816,0.0055138696348717,0.008471277960861,0.0113938393020675,0.0142819642515997,0.0171360585644018,0.0199565232142686,0.0227437544501965,0.025498143852067,0.0282200783856751,0.0309099404571079,0.0335681079664823,0.0361949543610495,0.0387908486876722,0.0413561556446848,0.0438912356331407,0.0463964448074556,0.0488721351254549,0.0513186543978292,0.0537363463370083,0.0561255506054583,0.058486602863409,0.0608198348160198,0.0631255742599877,0.0654041451296077,0.0676558675422893,0.0698810578435361,0.0720800286513957,0.0742530889003859,0.0764005438849017,0.0785226953021126,0.0806198412943521,0.0826922764910092,0.0847402920499254,0.0867641756983032,0.0887642117731336,0.0907406812611457,0.0926938618382866,0.0946240279087349,0.0965314506434554,0.0984163980182979,0.1002791348516486,0.1021199228416364,0.103939020602901,0.1057366837029284,0.1075131646979565,0.1092687131684592,0.111003575754211,0.1127179961889393,0.1144122153345673
653048530,0.8418560027344099,51,0.4068137948629649,490.6421777133883,0.32622486938023,3.019655087963842e-07,0.0590116198761632,6.798337923823765,5.394780558965161,9.61696992452265,0.2064719719190201,1.4721592724061203,829.2688198675281,955.0532073213368,0.0256863796092499,39.01940253065544,308.27419160149685,28434.15308077077,0.340491040959607,340.491040959607,3.5928091050076394,301.5973900201565,3.5926578770302444,6.798330252255049,303.3100016706361,1699.012619522869,3.592809057980164,3.592809010745749,3.592808963245421,3.592808915409079,3.592808867502368,3.592808819317637,3.592808770964622,3.592808722071433,3.592808672905312,3.5928086237943107,3.592808573939404,3.5928085241418413,3.592808473975761,3.5928084227129315,3.5928083705948355,3.5928083155747976,3.5928082585353773,3.5928082019296785,3.592808144948908,3.5928080854801827,3.5928080225239043,3.5928079563702715,3.5928078855342784,3.592807800282773,3.5928076345069764,3.5928074028812844,3.592807150660687,3.5928068909600768,3.592806408734616,3.5928058906219165,3.592804628510513,3.5928032317946044,3.592800886568412,3.5927972634282006,3.592786739929573,3.592783301200627,3.592779874391124,3.592776355582075,3.5927724576447253,3.592765890567746,3.5927613928400155,3.5927565938159547,3.592738999108969,3.5927319253380383,3.592724794274563,3.5927176182215845,3.592710406215494,3.592702931403152,3.5926952293903858,3.592686516085648,3.5926578770302444,6.798337911056748,6.79833791104028,6.798337911007276,6.79833791095546,6.798337910976028,6.798337910940292,6.798337910934577,6.798337910828058,6.798337910794517,6.798337910850256,6.798337910689064,6.79833791074597,6.798337910687254,6.798337910431181,6.798337910241593,6.798337909497192,6.7983379089947045,6.7983379091597245,6.798337909104895,6.798337908476912,6.798337907579676,6.798337906764121,6.798337905548302,6.798337901695583,6.798337879911358,6.798337862176146,6.798337856778442,6.798337854960676,6.798337794778867,6.798337785449326,6.798337583944868,6.798337548471193,6.798337292203819,6.798336947400314,6.798335077403705,6.798337009076615,6.798337015164373,6.798336993040863,6.798336893095444,6.798336171838783,6.798336738950949,6.7983366610939004,6.7983331919123735,6.7983360620933615,6.798336052408884,6.798336046111064,6.7983360423066,6.798335976958953,6.7983359215050765,6.798335653704601,6.798330252255049,301.78866651602146,302.13235507165155,302.4443275911742,302.7266361478132,302.98120310346314,303.2098304790567,303.4142087127601,303.5959248446102,303.7564701641156,303.89724735361347,304.0195771584424,304.124704612508,304.2138048442137,304.2879884881722,304.3483067238702,304.3957559615186,304.43128219486715,304.4557850362508,304.470121451128,304.4751092078853,304.4715300545458,304.46013263485384,304.44163515581295,304.4167278183159,304.3860750218775,304.3503173630747,304.3100733903522,304.2659411698555,304.2184996743265,304.16831003608905,304.11591646360307,304.0618473116093,304.00661543193,303.9507190514351,303.89464202256033,303.83885537656096,303.7838124766064,303.72995422779616,303.67770719852393,303.62748337746547,303.57968027190583,303.53467862374714,303.4928435605433,303.45452643177106,303.42005498757965,303.3897409145096,303.3638762378698,303.3427322396625,303.3265583511828,303.3155808375565,303.3100016706361,0.0,201.2465140511425,360.7483418837227,486.5940833634805,589.3535368303648,673.8343194635961,738.1862683542853,794.3587337383276,842.7339136146206,885.603415009181,919.249380288588,973.0547792641136,1064.859511495757,1190.8120295532112,1328.789372192671,1451.2991754519503,1533.2688024776442,1588.1114280172606,1624.8045682384395,1649.3556055188703,1665.7901847171,1676.7658895620466,1684.1064032491736,1689.0216201959,1692.2848217210312,1694.479086645229,1695.973572710948,1696.9794448659236,1697.6524122109886,1698.1026533597678,1698.4038820795936,1698.6054157285637,1698.7402495242527,1698.830458541716,1698.8908118588467,1698.93119055924,1698.9582054694863,1698.97627948793,1698.9883717044024,1698.996461864302,1699.0018744937674,1699.0054957519503,1699.0079185135512,1699.0095394346447,1699.010623893466,1699.011349438307,1699.01183485583,1699.0121596189035,1699.0123768979445,1699.012522266015,1699.012619522869
347546628,0.6053565470275546,51,0.2371795000810515,136.73786200637582,0.7002322307810507,2.786180925379815e-07,0.0217635374435866,2.7666141953526133,2.403367316788496,0.1973952743111403,0.4524636935887768,1.2879051021801204,902.129350101659,865.8816225545957,0.0241738335131772,13.312081219042406,316.02869336861085,29744.985716238825,0.213988437996975,213.988437996975,0.2059707951982362,309.1037142766263,0.0,2.4310027620165275e-06,311.834753879347,5.58267355870414,0.2012553483223379,0.1893801370891601,0.154902464947526,0.0659875726544654,7.390733373236283e-05,0.0,0.0,0.0,0.0,0.0,0.0,0.0,0.0,0.0,0.0,0.0,0.0,0.0,0.0,0.0,0.0,0.0,0.0,0.0,0.0,0.0,0.0,0.0,0.0,0.0,0.0,0.0,0.0,0.0,0.0,0.0,0.0,0.0,0.0,0.0,0.0,0.0,0.0,0.0,0.0,0.0,0.0,0.0,0.0,0.0,0.0,1.262585483374817,1.2213447338407997,1.089981928973002,0.7249261813304043,0.1218186497444662,2.6003401017717143e-05,0.0,0.0,0.0,2.430582877127812e-06,0.0,0.0,2.4304687891997994e-06,0.0,0.0,2.430453350562356e-06,0.0,2.4228708247693445e-06,0.0,0.0,0.0,0.0,0.0,0.0,0.0,2.431108826290349e-06,0.0,2.431286980807403e-06,0.0,0.0,0.0,0.0,0.0,2.4309481391856274e-06,0.0,2.427898492841064e-06,0.0,2.4310581305632624e-06,0.0,0.0,0.0,0.0,2.4314811008433754e-06,0.0,0.0,0.0,0.0,2.4310937946608988e-06,0.0,0.0,2.4310027620165275e-06,309.1472425314819,309.2314245477775,309.31435960039573,309.3986447404928,309.49054563805555,309.5876413376689,309.6825979612116,309.77542536985965,309.8661408625076,309.9547607143152,310.0413002330986,310.1257736863742,310.2081943841449,310.2885746249649,310.36692563500765,310.44325764838305,310.51757985066627,310.589900315358,310.6602260980005,310.7285630966523,310.7949161419706,310.8592889195638,310.9216839654266,310.98210264589574,311.0405451365107,311.0970103997458,311.1514961780719,311.2039989054714,311.2545137907413,311.3030346667545,311.3495540691108,311.3940631465824,311.4365516443279,311.4770078712306,311.51541868223165,311.5517693787729,311.58604378066184,311.6182240635494,311.64829084185385,311.6762230027774,311.70199776918423,311.72559059375806,311.7469751253859,311.7661231755968,311.7830046025715,311.7975873495408,311.8098373285387,311.8197183760316,311.82719220823145,311.83221829360144,311.834753879347,0.0,0.1116490350105295,0.2233177633312227,0.3349840095069427,0.4466485837776369,0.5583121958812117,0.6699753566108153,0.7816384136809227,0.8933015563920316,1.004964806332695,1.116627988990296,1.2282907032139891,1.3399523420006572,1.4516122372039773,1.5632699197120818,1.6749253285469332,1.7865788036668655,1.898230907101471,2.0098823090818247,2.121533589683524,2.233185171980057,2.3448373487947367,2.456490278445863,2.568143974778372,2.679798281778071,2.791452841854919,2.9031070958862304,3.0147603792020217,3.12641213676021,3.238062147829997,3.349710589051158,3.4613579093741658,3.5730046825310326,3.684651500461873,3.796298790375687,3.90794686171658,4.01959589964064,4.131245958861391,4.242896944488185,4.354548580569782,4.466200388871044,4.577851731377776,4.689501969450476,4.801150698858297,4.9127979008526586,5.024443898725957,5.136089193629715,5.247734383050717,5.359379956266648,5.471026268907081,5.58267355870414
379648639,0.9125674846921056,51,0.743892397561364,466.0838361002748,0.0861455101733683,9.277451902776896e-07,0.0013523964756302,1.572596871632611,5.8597329268630505,0.1985760560345325,0.5688238528326911,1.785257750849661,1009.2596317999064,1174.909453117668,0.1805056742265728,46.42304783533432,318.1162939130662,30025.756708793997,0.2196317478050441,219.63174780504417,2.1744180404652544,314.25877050366523,0.0,0.0,315.88207355559376,7.785236263588105,2.044228158784545,1.9145238770250343,1.7854172305567624,1.6569438532509224,1.5291243569956887,1.402014756324953,1.2756780714520235,1.1501859826901673,1.0256215669805273,0.902078603231688,0.7796626132830462,0.6584758167337504,0.538546029951451,0.419226893521385,0.297340351950617,0.1736294043725113,0.0563718061488662,0.0001802486613394,0.0,0.0,0.0,0.0,0.0,0.0,0.0,0.0,0.0,0.0,0.0,0.0,0.0,0.0,0.0,0.0,0.0,0.0,0.0,0.0,0.0,0.0,0.0,0.0,0.0,0.0,0.0,0.0,0.0,0.0,0.0,0.0,0.0,0.2508997548729121,0.2494101869693424,0.247784019621642,0.2459762927769711,0.2438444695257905,0.2415141751344901,0.2389336958138964,0.2360340559562296,0.2327236865720845,0.2288506982421288,0.2241811535310585,0.2182507110119545,0.2099290546067842,0.194097930595865,0.1531913408206422,0.1010399525954447,0.0489782291195527,0.0078241964653048,5.767188983791401e-06,0.0,0.0,0.0,0.0,2.810164753227439e-07,1.2107340350904033e-07,0.0,2.811507054582348e-07,0.0,0.0,2.8096167220868925e-07,1.208581726093627e-07,1.4984647644126304e-07,1.4308834700064126e-07,0.0,0.0,0.0,0.0,2.811288645732809e-07,0.0,2.810769872049107e-07,1.206641919774788e-07,0.0,2.810032587460316e-07,1.210607685035724e-07,0.0,0.0,2.811595905672196e-07,0.0,0.0,0.0,0.0,314.2633421521504,314.2756573595609,314.2911188099592,314.30968689392114,314.33132067633767,314.3559784414421,314.38361651226853,314.4141890429468,314.44764775700315,314.4839415954835,314.5230163940049,314.56481453169016,314.60927510670064,314.6563365587824,314.7059598584124,314.75821564672657,314.81315078106184,314.8705329486441,314.9282706126676,314.9844374067315,315.0390155627693,315.0919934871553,315.14335950165207,315.193101889195,315.2412089244871,315.28766887769007,315.3324700467798,315.3756007962885,315.4170495425298,315.45680480792174,315.4948552319696,315.5311895746813,315.56579675200487,315.59866584801944,315.6297861272152,315.65914706651915,315.686738359863,315.7125499362419,315.7365719818445,315.7587949288301,315.7792095071721,315.7978067216538,315.8145778767092,315.8295146043104,315.8426088442768,315.8538528661416,315.8632392871498,315.8707610764328,315.87641153893617,315.8801843523668,315.88207355559376,0.0,0.111543399113211,0.2681763578822081,0.4248179017930797,0.5814564122865403,0.7380919198337896,0.8947248256110246,1.0513557050584716,1.2079852182385162,1.3646138388845777,1.5212419102207444,1.6778696290588406,1.8344970046577969,1.991123797520468,2.147749459468282,2.3043732215319257,2.460994379481448,2.6176126172882177,2.7742280850521275,2.9308412199210547,3.087452617457757,3.2440628761867027,3.4006724213292,3.5572815564058944,3.713890440213767,3.870499041965485,4.02710707584432,4.183713966662216,4.340318957020074,4.496921402057813,4.65352105923999,4.810118122067214,4.9667130322009045,5.12330638957193,5.279898754598715,5.436490531904127,5.593082006768092,5.749673322243131,5.906264433845535,6.062855048144993,6.2194445931282925,6.376032321597454,6.53261761103453,6.689200235605001,6.845780391001062,7.002358510574369,7.158935182983062,7.315510957481039,7.472086231173909,7.628661285384843,7.785236263588105
600761920,0.523010160034133,51,0.302224894747518,495.9590542285856,0.2598897887322067,2.066961085517782e-06,0.0077288811571182,3.1759790740519693,1.4145631433054284,0.1610645781689211,0.6309290111223349,1.4695156018294726,1140.465906618925,878.1413244004885,0.0693157332220519,29.448256307150142,305.56528306568373,25225.003717468106,0.0230441559347275,23.044155934727574,2.848455785707693,301.64523541279675,0.0,0.0,304.66015268597147,3.589559694769463,2.1104618601738228,1.3935268923629425,0.710878969752447,0.1105777913164184,0.0,0.0,0.0,0.0,0.0,0.0,0.0,0.0,0.0,0.0,0.0,0.0,0.0,0.0,0.0,0.0,0.0,0.0,0.0,0.0,0.0,0.0,0.0,0.0,0.0,0.0,0.0,0.0,0.0,0.0,0.0,0.0,0.0,0.0,0.0,0.0,0.0,0.0,0.0,0.0,0.0,0.0,0.0,0.0,0.0,0.0,0.0,0.2811337748080771,0.2710573591127461,0.2524702428150995,0.1767703937226679,0.0101746002566171,0.0,0.0,0.0,1.1681336043072627e-07,0.0,0.0,1.1676423149116314e-07,7.621142039867708e-08,0.0,1.1680143977728669e-07,7.618314443779257e-08,0.0,0.0,0.0,0.0,0.0,1.1683308640305942e-07,0.0,0.0,0.0,0.0,1.1676492852444914e-07,7.618015331085909e-08,7.92219062942863e-08,0.0,1.1681099636573829e-07,0.0,1.1678053647265889e-07,7.615380339689786e-08,7.921449875522023e-08,0.0,1.167704934035762e-07,7.622050888981984e-08,0.0,1.1680268336476848e-07,7.618251091745819e-08,0.0,0.0,0.0,0.0,0.0,1.1681772079081697e-07,0.0,1.1682882722914921e-07,0.0,0.0,301.66785734007465,301.72693565705464,301.7994849255033,301.8847934986025,301.98121387616703,302.07910730174643,302.17623045473675,302.2725000279031,302.367833145973,302.4621475636631,302.5553618234151,302.6473954594678,302.7381691569179,302.8276048919334,302.9156260849902,303.0021577590796,303.08712663515263,303.1704612541622,303.2520920923991,303.3319516393708,303.40997447626967,303.4860973395374,303.5602591795081,303.63240117214883,303.70246677468947,303.77040172390133,303.8361540391131,303.89967401950764,303.96091420382425,304.0198293521949,304.07637639410603,304.1305144034532,304.1822045030429,304.23140984034023,304.27809548367213,304.32222836274906,304.3637771789025,304.40271234848234,304.4390058893959,304.4726313457744,304.50356372674463,304.5317793953592,304.5572559986728,304.5799724071492,304.59990863399025,304.6170457736152,304.6313659448131,304.642852249384,304.65148870493834,304.65726025108347,304.66015268597147,0.0,0.0643160828659864,0.1362654383135855,0.2082146670425086,0.2801638147883777,0.3521128769685206,0.4240618486314207,0.4960107241694133,0.5679594971448901,0.639908160165378,0.71185670478306,0.7838051214116288,0.8557533992600209,0.927701526285832,0.9996494891730292,1.0715972733396304,1.1435448629814975,1.2154922411582336,1.2874393899262806,1.3593862905226883,1.4313329236005323,1.50327926951373,1.575225308645227,1.647171021768528,1.7191163904287734,1.791061397326555,1.8630060266858888,1.9349502645875696,2.00689410157146,2.0788375287883376,2.150780537131816,2.2227231220035915,2.2946652814721014,2.3666070161008803,2.4385483287777285,2.510489224508485,2.582429710180281,2.654369794305357,2.726309486757129,2.798248798508928,2.870187741383951,2.942126327822733,3.0140645706724056,3.086002483000133,3.1579400779315465,3.2298773685138005,3.3018143676020166,3.3737510877673023,3.445687541224152,3.517623739774984,3.589559694769463
