seed,L,Nz,eps,rho_B,u,D_ax,kL,qmax,b,n,lam_z,rho_g,cp_g,cp_s,D_col,h_w,T_wall,dH,dt,t_end,C_in,T_in,C_out_final,q_out_final,T_out_final,N_ads_final,C_z0,C_z1,C_z2,C_z3,C_z4,C_z5,C_z6,C_z7,C_z8,C_z9,C_z10,C_z11,C_z12,C_z13,C_z14,C_z15,C_z16,C_z17,C_z18,C_z19,C_z20,C_z21,C_z22,C_z23,C_z24,C_z25,C_z26,C_z27,C_z28,C_z29,C_z30,C_z31,C_z32,C_z33,C_z34,C_z35,C_z36,C_z37,C_z38,C_z39,C_z40,C_z41,C_z42,C_z43,C_z44,C_z45,C_z46,C_z47,C_z48,C_z49,C_z50,q_z0,q_z1,q_z2,q_z3,q_z4,q_z5,q_z6,q_z7,q_z8,q_z9,q_z10,q_z11,q_z12,q_z13,q_z14,q_z15,q_z16,q_z17,q_z18,q_z19,q_z20,q_z21,q_z22,q_z23,q_z24,q_z25,q_z26,q_z27,q_z28,q_z29,q_z30,q_z31,q_z32,q_z33,q_z34,q_z35,q_z36,q_z37,q_z38,q_z39,q_z40,q_z41,q_z42,q_z43,q_z44,q_z45,q_z46,q_z47,q_z48,q_z49,q_z50,T_z0,T_z1,T_z2,T_z3,T_z4,T_z5,T_z6,T_z7,T_z8,T_z9,T_z10,T_z11,T_z12,T_z13,T_z14,T_z15,T_z16,T_z17,T_z18,T_z19,T_z20,T_z21,T_z22,T_z23,T_z24,T_z25,T_z26,T_z27,T_z28,T_z29,T_z30,T_z31,T_z32,T_z33,T_z34,T_z35,T_z36,T_z37,T_z38,T_z39,T_z40,T_z41,T_z42,T_z43,T_z44,T_z45,T_z46,T_z47,T_z48,T_z49,T_z50,Qtot_t0,Qtot_t1,Qtot_t2,Qtot_t3,Qtot_t4,Qtot_t5,Qtot_t6,Qtot_t7,Qtot_t8,Qtot_t9,Qtot_t10,Qtot_t11,Qtot_t12,Qtot_t13,Qtot_t14,Qtot_t15,Qtot_t16,Qtot_t17,Qtot_t18,Qtot_t19,Qtot_t20,Qtot_t21,Qtot_t22,Qtot_t23,Qtot_t24,Qtot_t25,Qtot_t26,Qtot_t27,Qtot_t28,Qtot_t29,Qtot_t30,Qtot_t31,Qtot_t32,Qtot_t33,Qtot_t34,Qtot_t35,Qtot_t36,Qtot_t37,Qtot_t38,Qtot_t39,Qtot_t40,Qtot_t41,Qtot_t42,Qtot_t43,Qtot_t44,Qtot_t45,Qtot_t46,Qtot_t47,Qtot_t48,Qtot_t49,Qtot_t50
537865291,0.2843826199164063,51,0.5374998930317179,175.6963345018251,0.6893259461438083,3.48884388364873e-07,0.004442186379953,1.027020287843549,5.816324510032191,0.1747312231393088,0.5911869925215055,1.8901669922280584,946.4410468879872,1123.73729010824,0.3964920623414825,19.663015899145627,301.86603670593115,45164.54259359671,0.49278317749694,492.78317749694,1.3466928448434892,298.7929699191111,1.3053504915751049,0.5335322050463037,298.72758382280693,12.647968040615764,1.345880679797582,1.3450680355765334,1.3442549831090262,1.343441521051295,1.342627648051994,1.3418133627518385,1.3409986637832938,1.340183549770255,1.3393680193278168,1.338552071061951,1.3377357035819084,1.3369190508758984,1.3362554023754605,1.3356533795254513,1.3348338230946162,1.334012921798937,1.3331915930984932,1.3323698363808338,1.3315476501338732,1.330725032844735,1.329901982993139,1.3290784990493596,1.3282545794733924,1.327430222714466,1.326605427212548,1.3257802116730737,1.324990993762935,1.324333501098976,1.323506859552675,1.3226782411243765,1.3218491742454852,1.3210196589320975,1.3201896935328532,1.3193592763630675,1.318528405760936,1.317697080037279,1.3168652974885298,1.3160330563996956,1.315200355047688,1.3143672132036492,1.3135708851463577,1.3128915818508904,1.3120567192557342,1.3112200880567004,1.3103829861653005,1.309545413198411,1.3087073672370453,1.3078688464908077,1.3070298490796517,1.3061903731345492,1.3053504915751049,0.5370521059738078,0.5369943872993198,0.5369365278074303,0.5368785268120077,0.5368203835943205,0.5367620974058842,0.5367036674708879,0.5366450929882185,0.5365863731331879,0.5365275070589438,0.5364684939433615,0.5364195007127758,0.5491712966596068,0.5542992740103765,0.5361167947513814,0.5359803008729113,0.5359203601201955,0.5358603376134426,0.5358001581636733,0.5357398216108057,0.5356793272426477,0.5356186741745683,0.5355578614529801,0.5354968880836768,0.5354357530458504,0.5353758781268769,0.5383562582998473,0.5493335055564819,0.5351894160203838,0.5349996859270473,0.5349375075321635,0.5348752984753732,0.5348129194613235,0.5347503676125439,0.5346876447304167,0.5346247484292266,0.5345616774019502,0.5344984305933782,0.5344350070570084,0.5343729249806318,0.5374210826825446,0.5471702637920938,0.5341600388945984,0.5339871945229759,0.533922658047093,0.5338580560805812,0.5337932603128454,0.5337282813572176,0.5336631116344508,0.5335977513740426,0.5335322050463037,298.79177145590035,298.7894210647685,298.7871096733386,298.7848376429758,298.78260533636694,298.78041311752094,298.7782613517691,298.77615040576546,298.7740806474869,298.7720524462335,298.7700661726287,298.7681221986196,298.7662208865189,298.76434880313246,298.7625006474313,298.7606962083354,298.7589359472128,298.75722024459964,298.7555494822833,298.7539240433814,298.7523443123416,298.75081067494057,298.74932351828454,298.7478832308085,298.7464902022765,298.74514482378123,298.7438474862106,298.7425953048404,298.7413767567761,298.7402073217392,298.7390875348044,298.7380177955747,298.73699850483325,298.73603006469096,298.7351128785885,298.73424735129186,298.7334338888939,298.7326728988135,298.731964789795,298.73130997190725,298.73070885490563,298.7301584974942,298.7296487163982,298.7291937934362,298.72879426203446,298.72845054073537,298.72816304927403,298.7279322087135,298.72775844143104,298.727642171124,298.72758382280693,0.0,0.807136513280504,1.3771210689908968,1.922978239521551,2.445726806829544,2.9463427880045083,3.42576120291205,3.884877771912516,4.324550546179282,4.745601472902367,5.148817897646331,5.534954006102717,5.904732207439327,6.258844461403707,6.597953551288136,6.922694304809224,7.233674764898801,7.531477312343847,7.816659742153888,8.089756295474007,8.351278648801491,8.601716862204347,8.841540288180708,9.071198442740052,9.291121840229724,9.501722793374524,9.703396179942404,9.896520177396033,10.081456966838434,10.258553407510414,10.42814168317725,10.590539920997337,10.746052784885608,10.894972043989243,11.037577117060106,11.174135594058589,11.304903735836527,11.430126952809882,11.55004026349532,11.664868733749328,11.77482789751434,11.880124159843763,11.980955182946063,12.077510255957852,12.169970649126707,12.258509953056658,12.343294403642052,12.424483193289973,12.50222876900645,12.576677117897788,12.647968040615764
271998550,0.299771428790707,51,0.6314053424746264,124.7262865146326,0.5424491297660334,2.886645781004487e-06,0.015123229437939,0.8839729228797245,0.8129925791282262,1.0603243427843392,0.3440338435610786,0.9141657289046672,820.2436515940901,1172.1956404615955,0.117496600261273,23.140420931700877,308.46033140325983,43855.6209025335,0.3285790336072349,328.579033607235,0.5629097593638311,313.99773201494924,0.5551638052023725,0.2582750955656478,313.30508829794275,3.696206308299308,0.5628452865766693,0.5627778247752826,0.56270739525545,0.5626339622454742,0.5625574900807507,0.5624779432040612,0.5623952861663287,0.5623094836277084,0.5622205003589265,0.5621283012428019,0.5620328512759063,0.5619341155703257,0.5618320593555027,0.561726647980146,0.5616178469141865,0.5615056217507829,0.5613899382083639,0.5612707621327062,0.561148059499043,0.5610217964142035,0.5608919391187783,0.5607584539893122,0.5606213075405189,0.560480466427519,0.560335897448099,0.5601875675449887,0.5600354438081557,0.5598794934771175,0.5597196839432647,0.5595559827522001,0.5593883576060873,0.559216776366009,0.5590412070543356,0.5588616178570988,0.5586779771263733,0.5584902533826629,0.5582984153172921,0.5581024317947918,0.5579022718553132,0.5576979047170081,0.557489299778438,0.557276426620973,0.557059255011192,0.5568377549032851,0.5566118964414534,0.5563816499623094,0.5561469859972744,0.5559078752749892,0.5556642887238744,0.5554161976832624,0.5551638052023725,0.2666574037508379,0.2665451793291146,0.2664308320467186,0.2663143523749547,0.2661957307979761,0.2660749578314179,0.265952024036183,0.2658269200286403,0.265699636488222,0.2655701641631109,0.2654384938745686,0.2653046165202977,0.2651685230771144,0.2650302046031565,0.2648896522397415,0.2647468572130198,0.2646018108354489,0.2644545045071636,0.2643049297172627,0.2641530780450323,0.2639989411611096,0.2638425108286099,0.2636837789042001,0.2635227373391309,0.2633593781802283,0.2631936935708384,0.2630256757517293,0.2628553170619475,0.2626826099396319,0.2625075469227835,0.2623301206500019,0.2621503238611667,0.2619681493981,0.2617835902051788,0.2615966393299257,0.2614072899235626,0.2612155352415413,0.261021368644051,0.2608247835964957,0.2606257736699643,0.2604243325416723,0.2602204539953973,0.2600141319218943,0.259805360319308,0.2595941332935691,0.259380445058787,0.2591642899376356,0.2589456623617358,0.2587245568721982,0.2585009683022031,0.2582750955656478,313.98512567980885,313.9604230911423,313.93611510214066,313.9122043629296,313.88869360236305,313.8655856286992,313.84288333028843,313.8205896762727,313.7987077172968,313.7772405862318,313.75619149891,313.73556375487266,313.7153607381295,313.69558591793174,313.6762428495572,313.6573351751089,313.63886662432685,313.62084101541313,313.6032622558711,313.5861343433583,313.5694613665541,313.55324750604086,313.5374970352011,313.5222143211284,313.50740382555455,313.49307010579224,313.47921781569266,313.4658517066197,313.45297662844104,313.44059753053546,313.4287194628167,313.417347576775,313.4064871265368,313.39614346994074,313.38632206963416,313.37702849418525,313.3682684192166,313.36004762855623,313.35237201540934,313.34524758354894,313.338680448527,313.3326768389064,313.32724309751364,313.3223856827126,313.31811116970005,313.3144262518232,313.31133774192034,313.3088525736825,313.3069778030405,313.30572060957365,313.30508829794275,0.0,0.252972879921935,0.4989975228445278,0.7289946622461456,0.9438592439662936,1.1444572413966425,1.331623207461541,1.506158525731751,1.6688302673656124,1.8203705643275048,1.961476416105413,2.0928098552800525,2.2149984058088323,2.328635776211582,2.4342827376668628,2.5324681441890013,2.623690058494408,2.708416952877035,2.78708895942707,2.8601191482927626,2.927894816460594,2.990778772774058,3.049110607686061,3.1032079386006384,3.153367623658675,3.1998669385070286,3.2429647120032707,3.2829024179871182,3.3199052212274736,3.3541829764601774,3.385931180091251,3.41533187467565,3.442554506711338,3.467756738629274,3.4910852161255885,3.512676292185241,3.532656709296721,3.551144241464093,3.568248297693156,3.584070488669276,3.598705158360863,3.612239882279179,3.624755934106085,3.6363287223696426,3.6470281988060944,3.6569192399977672,3.6660620038571743,3.6745122623136415,3.6823217116700464,3.6895382622783046,3.696206308299308
391117727,0.2581409030948747,51,0.366394156742777,181.8991578782951,0.6771475890997113,3.508975713135882e-06,0.0132932464678629,0.1003783779441646,9.928807563873434,1.8286115488036712,0.4168153895107703,1.9025219369282744,825.0072488618179,823.3405538262607,0.2218452179471033,28.026268072177967,300.40453351782463,62644.69920239834,0.1296998406761774,129.69984067617747,1.0809133520746694,303.7113619302049,1.035286249721357,0.0811527600624833,303.5047919406622,2.467159204838645,1.0800249821375951,1.0791355571893235,1.0782459665609296,1.0773562087488484,1.0764662821742546,1.0755761851688548,1.0746859159612008,1.073795472662573,1.0729048532519043,1.0720140555594326,1.0711230772489029,1.070231915798141,1.0693405684780388,1.0684490323299274,1.0675573041416704,1.0666653804226949,1.0657732573786622,1.0648809308867262,1.0639883964726522,1.0630956492915091,1.06220268411441,1.0613094953238542,1.0604160769214444,1.0595224225512447,1.0586285255428478,1.0577343789772062,1.05683997577736,1.0559453088240751,1.0550503710930184,1.054155155807296,1.0532596565944,1.0523638676340363,1.0514677837816588,1.0505714006531066,1.049674714659421,1.048777722987014,1.0478804235251555,1.0469828147499582,1.0460848955797986,1.0451866652191806,1.044288123009027,1.0433892682979535,1.0424901003454738,1.0415906182624122,1.0406908209888888,1.0397907073050696,1.0388902758665135,1.0379895252528006,1.0370884540192482,1.0361870616427735,1.035286249721357,0.0814130954052277,0.081409696879174,0.0814062650009721,0.0814027985826622,0.0813992961112087,0.0813957557913351,0.0813921755554653,0.081388553055331,0.0813848856430455,0.0813811703458084,0.0813774038366149,0.0813735824026399,0.08136970191292,0.0813657577873165,0.0813617449694029,0.0813576579068471,0.0813534905440113,0.081349236332903,0.0813448882701312,0.0813404389690715,0.0813358807777089,0.0813312059531253,0.0813264069027094,0.081321476499038,0.0813164084690182,0.0813111978476317,0.0813058414722304,0.0813003384758778,0.0812946907204265,0.0812889030965479,0.0812829836148257,0.0812769432248842,0.0812707953311273,0.0812645550211358,0.0812582380769044,0.0812518598860218,0.0812454343958379,0.0812389732503823,0.0812324852179919,0.0812259759664789,0.0812194481857711,0.0812129020079713,0.0812063356396415,0.0811997461031884,0.0811931299818729,0.0811864840730111,0.0811798058736159,0.0811730938500284,0.0811663474760622,0.0811595670658676,0.0811527600624833,303.70759387246284,303.70020340868024,303.69292845180024,303.6857702051025,303.67872987869526,303.6718086895357,303.6650078614515,303.6583286251644,303.6517722183157,303.6453398854936,303.6390328782624,303.63285245519484,303.6267998819058,303.6208764310902,303.6150833825623,303.60942202329954,303.6038936474891,303.5984995565777,303.59324105932524,303.58811947186115,303.5831361177438,303.57829232802175,303.5735894412962,303.56902880378254,303.5646117693701,303.56033969967626,303.55621396409344,303.55223593982487,303.5484070119069,303.5447285732138,303.54120202444506,303.5378287740914,303.5346102383844,303.5315478412289,303.5286430141252,303.5258971960858,303.5233118335547,303.5208883803339,303.5186282975235,303.5165330534806,303.51460412379475,303.5128429912831,303.51125114600103,303.509830085264,303.50858131367823,303.50750634317336,303.506606693034,303.50588388992816,303.50533946792905,303.5049749685313,303.5047919406622,0.0,0.0982858377403653,0.1965277159705221,0.2914543571009199,0.3831773890884386,0.4718047035415459,0.5574405785519728,0.6401857977293375,0.7201377655362458,0.7973906190107966,0.8720353359655442,0.944159839753239,1.013849100690312,1.0811852342291324,1.1462475959697076,1.20911287360077,1.2698551758591785,1.328546118595294,1.3852549080305725,1.4400484212920033,1.492991284306343,1.544145947135281,1.5935727568308309,1.641330027888342,1.6874741103725883,1.7320594558335825,1.775138680866554,1.816762628819652,1.8569804292903305,1.895839555676961,1.9333858808192543,1.9696637307858065,2.004715936868947,2.038583885845274,2.0713075685584874,2.102925626879422,2.1334753990964788,2.16299296378802,2.1915131822266787,2.219069739363976,2.2456951834420944,2.271420964278209,2.296277470265291,2.3202940641319283,2.3434991175023216,2.36592004429632,2.38758333300802,2.40851457790027,2.428738509151167,2.448279021987457,2.467159204838645
932274346,0.509430722337196,51,0.4569109013149731,158.89615512258814,0.494679142624688,6.728620995451034e-06,0.0291088979434051,0.469057879139219,0.7675967004926533,9.7794796733786,0.8398615101555844,0.5636746842687383,1174.2884441294489,920.55776766576,0.4966856063148444,37.72869328866372,311.61133840399594,35260.365556602424,0.4960610608954304,496.0610608954304,3.681718471980992,298.1596333050497,3.6817147959697127,0.4690390976198073,299.00930692140435,21.03192831407356,3.6817184196743793,3.68171836725921,3.681718314804905,3.681718262311007,3.681718209776785,3.6817181572009336,3.681718104580837,3.681718051910838,3.681717999178132,3.681717946354471,3.681717893386608,3.6817178402064608,3.6817177867752418,3.681717733107244,3.681717679242435,3.681717625215549,3.6817175710442847,3.681717516726858,3.6817174622404254,3.6817174075391024,3.68171735255368,3.6817172971918,3.681717241331813,3.68171718481106,3.68171712742252,3.681717068930576,3.681717009098869,3.681716947712835,3.681716884587421,3.6817168195635177,3.6817167525006136,3.6817166832701935,3.6817166117510176,3.681716537825972,3.681716461379977,3.681716382298539,3.6817163004666975,3.6817162157682417,3.6817161280850814,3.6817160372967472,3.681715943279962,3.681715845908277,3.681715745051743,3.6817156405766207,3.681715532345104,3.68171542021506,3.681715304039784,3.6817151836677606,3.68171505894242,3.681714929702163,3.6817147959697127,0.4690394784366039,0.4690394783986111,0.469039478359206,0.4690394783177262,0.4690394782728628,0.4690394782218441,0.4690394781584393,0.4690394780680769,0.4690394779165802,0.4690394776300133,0.4690394770885625,0.4690394762209863,0.4690394751677392,0.4690394741835524,0.4690394733916449,0.4690394727668992,0.4690394722275735,0.4690394716802319,0.4690394710239597,0.4690394701483552,0.4690394689417734,0.4690394672934636,0.4690394650633596,0.4690394620552583,0.4690394580568739,0.4690394529315248,0.4690394466762078,0.4690394393959757,0.4690394312329414,0.4690394223120262,0.4690394127228744,0.4690394025234128,0.4690393917488891,0.4690393804194544,0.4690393685451933,0.4690393561292378,0.469039343169695,0.4690393296608829,0.4690393155941405,0.4690393009583887,0.4690392857405169,0.4690392699256686,0.4690392534974341,0.4690392364380027,0.4690392187282616,0.4690392003478725,0.4690391812753201,0.4690391614879471,0.4690391409619677,0.4690391196725081,0.4690390976198073,298.17573341314164,298.207267954586,298.2382312351506,298.2686215844699,298.298437289646,298.3276765948955,298.3563377011918,298.384418765903,298.411917902425,298.43883317981124,298.4651626223983,298.4909042094281,298.5160558746645,298.54061550599755,298.56458094504,298.58794998672266,298.61072037888874,298.6328898218857,298.65445596815147,298.67541642179583,298.69576873817766,298.7155104234757,298.73463893425463,298.7531516770269,298.7710460078099,298.7883192316787,298.80496860231096,298.8209913215218,298.8363845387897,298.85114535077554,298.8652708008363,298.87875787853363,298.89160351913773,298.90380460312565,298.9153579556738,298.926260346145,298.9365084875691,298.9460990361175,298.9550285905719,298.96329369178574,298.9708908221402,298.97781640499306,298.9840668041212,298.98963832315627,298.99452720501387,298.99872963131554,299.00224172180435,299.00505953375284,299.0071790613646,299.0085962351682,299.00930692140435,0.0,3.11307885177845,6.2762647729521,9.315050428974825,12.081619011689924,14.308739797374423,15.99233958075833,17.255557991358252,18.20240961316816,18.911942605221604,19.44358614438061,19.841920961281424,20.14036642839955,20.36396814354516,20.53149370777881,20.65700542289481,20.75103955655237,20.821490278580008,20.87427210428076,20.91381629336709,20.943442799198063,20.965638957871377,20.982268294818176,20.994726969383816,21.004060986624825,21.01105401423276,21.016293175931924,21.02021834438001,21.02315907164798,21.025362257644574,21.027012879343182,21.02824952112945,21.029176010133988,21.029870133414097,21.030390168855448,21.03077977811352,21.031071672396383,21.03129035886197,21.03145419821309,21.031576946243057,21.031668908758117,21.031737806842663,21.03178942511385,21.03182809739234,21.03185707056574,21.03187877719404,21.03189503974509,21.031907223607224,21.031916351725904,21.031923190489323,21.03192831407356
916974058,0.5661100134333276,51,0.743461784836948,166.0311231634796,0.2525430428992122,7.41987650291997e-07,0.0010583010860438,0.5521247512353461,0.5570294587605251,2.7593084662129668,0.5534074834641359,1.875166710605867,1040.2485470326144,972.41607165262,0.3892051259241169,46.850094599917966,298.63725542687644,42647.4439552924,0.3644365371000895,364.4365371000896,4.717292894755438,317.85329166331513,4.527879530972459,0.162945410375319,316.2567316555375,4.0372139921773575,4.7135761505152685,4.709858680329435,4.706141426538699,4.702424364525808,4.698707467940954,4.694990710736433,4.691274069943002,4.687557528498783,4.683841077173755,4.680124714818004,4.676408446817564,4.672692282390993,4.668976231731975,4.665260303853737,4.661544505530781,4.657828841271163,4.65411331395932,4.650397925715411,4.646682678587863,4.642967574870996,4.639252617047831,4.635537807515536,4.631823148302495,4.628108640935513,4.624394286505462,4.6206800858755015,4.616966039919133,4.613252149683735,4.609538416425807,4.605824841535338,4.602111426412512,4.598398172366215,4.5946850805819786,4.590972152159751,4.587259388191312,4.583546789829669,4.5798343583206025,4.576122094985575,4.572410001175489,4.568698078222422,4.564986327413705,4.561274749997131,4.557563347209217,4.553852120306417,4.550141070585444,4.546430199381501,4.542719508051211,4.53900899795058,4.5352986704198655,4.531588527031396,4.527879530972459,0.1653020697689263,0.1652679133038964,0.1652314940503721,0.1651925534740001,0.1651509269745386,0.1651066419511606,0.1650599878751612,0.1650115212913477,0.1649619805397833,0.1649121275519657,0.1648625786637171,0.1648136951176931,0.1647655684976532,0.164718086895151,0.1646710384706304,0.1646242087152525,0.1645774437464106,0.1645306707871888,0.164483882412448,0.1644371011893343,0.1643903443036416,0.1643436030086399,0.1642968418611382,0.1642500128585818,0.1642030741862307,0.1641560036675094,0.1641088016191146,0.1640614837386076,0.164014069105083,0.1639665696649137,0.1639189856635104,0.1638713078348522,0.1638235238344823,0.1637756249203922,0.1637276095837711,0.1636794829508557,0.1636312530499668,0.163582926358191,0.1635345049466937,0.1634859863304078,0.1634373655920921,0.1633886383069546,0.1633398026669066,0.1632908598901633,0.1632418130194972,0.1631926650002785,0.1631434171352309,0.1630940686326459,0.163044617288652,0.1629950607662469,0.162945410375319,317.82287044497986,317.7632801812953,317.7047882099789,317.647397095189,317.59110947434687,317.5359280587977,317.4818556343073,317.42889506133304,317.37704927506127,317.326321285289,317.2767141762867,317.22823110679457,317.1808753102501,317.1346500952604,317.0895588462624,317.0456050242791,317.0027921676865,316.9611238929347,316.9206038952043,316.8812359490124,316.84302390880003,316.8059717095307,316.7700833673197,316.73536298009543,316.70181472827863,316.66944287546505,316.6382517690979,316.6082458411286,316.5794296086719,316.55180767466544,316.52538472854417,316.50016554693354,316.47615499435835,316.45335802396386,316.4317796782417,316.41142508975764,316.3922994818826,316.37440816952943,316.35775655989954,316.3423501532429,316.3281945436304,316.3152954197378,316.3036585656382,316.2932898616014,316.2841952848999,316.2763809106228,316.2698529124986,316.2646175637303,316.2606812378406,316.2580504095286,316.2567316555375,0.0,0.0823729922208365,0.1788376099464123,0.2745648308129552,0.3695602853566049,0.4638295625840323,0.5573782088948933,0.6502117284053749,0.7423355832690098,0.8337551939916519,0.924475939753126,1.0145031587193896,1.1038421483536316,1.1924981657253888,1.2804764278173408,1.3677821118297928,1.4544203554828712,1.5403962573164414,1.6257148769877685,1.7103812355669403,1.7944003158300583,1.8777770625502297,1.9605163827863592,2.042623146169769,2.124102185188661,2.204958295470429,2.285196236061846,2.3648207297071435,2.443836463123985,2.5222480872773656,2.600060217651444,2.6772774345193184,2.7539042832107783,2.8299452743780216,2.905404884259379,2.9802875549410413,3.054597694616815,3.128339677845901,3.2015178458087536,3.274136506560985,3.346199935285364,3.417712374541906,3.48867803451607,3.559101093265092,3.628985696962441,3.69833596014044,3.767155965931048,3.8354497663048193,3.903221382308064,3.970474804298204,4.0372139921773575
551459403,0.3826369786766913,51,0.7701314816194367,95.99702242034924,0.1801874693036674,4.157748115838905e-07,0.0027877224545232,2.9009653165137426,2.4667943937079406,0.5974067761519531,0.4288968104038375,0.6766190315733417,856.6868293094528,905.6703546083976,0.0161197426365708,41.06918345672701,316.1941617706938,41098.43581486353,0.0763822177285818,76.38221772858185,2.3655567423167265,315.69548163753694,1.121467608157034,0.3429794310779236,314.65304480537844,3.2907719513946385,2.339950872644712,2.3143759551768714,2.2888399856776678,2.2633432592452087,2.2378860930512032,2.2124688321345665,2.1870918544709914,2.161755574542306,2.136460445344129,2.111206959180595,2.085995647730409,2.060827081774092,2.0357018707056302,2.0106206615040656,1.985584136043607,1.9605930043865416,1.935647993041553,1.910749837789321,1.8858992877325087,1.861097108991057,1.836344086807263,1.8116410253884796,1.7869887493887535,1.762388103670845,1.7378399546519558,1.7133451901984862,1.6889047209052337,1.6645194801390948,1.6401904252836277,1.6159185379520455,1.591704825178456,1.567550319851957,1.543456081811549,1.5194231985494733,1.4954527861985103,1.471545990518209,1.4477039877341884,1.423927985873263,1.4002192255590795,1.3765789814206202,1.3530085631428588,1.3295093168084196,1.306082626255522,1.2827299143478672,1.2594526446417889,1.2362523227649092,1.2131304980929882,1.1900887655045864,1.1671287670322097,1.14425219595326,1.121467608157034,0.4121081967358101,0.4112648457039513,0.4103927523614251,0.4094921088108857,0.4085633757232667,0.4076073782550449,0.4066252567433542,0.4056183645935761,0.4045881617626006,0.4035361316702942,0.4024637307792647,0.4013723644989327,0.400263371359892,0.3991379850732944,0.3979972202794468,0.3968415978613599,0.3956708000505214,0.3944839767240194,0.393280504939858,0.392059963580593,0.3908220239357977,0.3895662941468349,0.3882924283447623,0.3870000076498883,0.385688645310141,0.3843578856884148,0.3830072956225206,0.38163637776915,0.3802446492211682,0.3788315683976697,0.3773965982287524,0.3759391513453705,0.3744586313498718,0.3729544024518675,0.371425804742468,0.3698721499213158,0.3682927068404807,0.3666867304916393,0.3650534203826898,0.3633919568918875,0.3617014714027596,0.3599810601540233,0.3582297791098812,0.3564466313276796,0.3546305869249566,0.352780556019705,0.3508954010394573,0.3489739336010607,0.3470148984539196,0.34501699099423,0.3429794310779236,315.6642918157095,315.6050382299573,315.5486753054639,315.4950738316697,315.4441105452306,315.3956678589886,315.3496336022448,315.30590077189646,315.2643672941579,315.22493579662176,315.1875133903773,315.1520114618412,315.118345473908,315.08643477602794,315.05620242289405,315.0275750016383,315.00048246786866,314.9748579910788,314.9506378083026,314.9277610837283,314.9061697740308,314.88580849940627,314.8666244204284,314.8485671201705,314.83158849164244,314.8156426300192,314.80068572968435,314.78667598562265,314.7735734991656,314.7613401876764,314.7499396981606,314.7393373244438,314.7294999278728,314.7203958612518,314.71199489592004,314.70426815176444,314.6971880300167,314.6907281487179,314.6848632806238,314.6795692935152,314.6748230926761,314.6706025654824,314.66688652792976,314.6636546729872,314.6608875206804,314.6585663697308,314.6566732506993,314.65519088048336,314.6541026180592,314.65339242139515,314.65304480537844,0.0,0.0327696574891932,0.1018909603558933,0.1744501590013835,0.2467339370947422,0.3187446824009249,0.3904832747006914,0.4619505936624139,0.5331475185354844,0.604074928095537,0.6747337005911832,0.745124713692211,0.8152488444392129,0.8851069691945986,0.9546999635949572,1.024028702504728,1.0930940599711487,1.161896909180442,1.2304381224152077,1.2987185710129916,1.3667391253259902,1.4345006546818757,1.502004027345696,1.5692501104828227,1.6362397701229383,1.7029738711250135,1.7694532771432532,1.8356788505939932,1.9016514526235213,1.9673719430767884,2.0328411804670035,2.0980600219460728,2.163029323275877,2.2277499388003545,2.292222721418369,2.3564485225573546,2.420428192147705,2.4841625785978967,2.54765252877032,2.6108988879578074,2.673902499860845,2.736664206565432,2.7991848485215995,2.8614652645225425,2.923506291684384,2.985308765426513,3.0468735194525345,3.108201385731764,3.1692931944812908,3.2301497741485883,3.2907719513946385
636735152,0.8169814337369817,51,0.5973905120977241,450.77673031911326,0.2399184178795183,3.0051747805593548e-06,0.0169888591261076,0.9907170646743224,0.920788972918724,6.705086716213542,0.5627343824513991,1.153705532555394,1160.8047926947954,899.5354733241272,0.4880534702384449,12.408948367885966,310.1705666024375,45932.6677099426,0.054501550579753,54.50155057975306,3.118521026112101,313.6600060765256,0.4771240274247605,0.0017823806811673,310.4019162138206,8.31916305219324,2.775466314078184,2.424280437740204,2.023678930931493,1.5539422598536354,1.1836486049897337,0.9860920357396064,0.8785451072389101,0.8120072144736595,0.7662567165369476,0.7323540976907078,0.7058651532892826,0.6843570736450193,0.6663826496149728,0.6510238576299009,0.6376675988842307,0.6258869341455199,0.6153741361692465,0.6059009259596749,0.5972937881986914,0.5894180590417224,0.5821673305009116,0.5754561933945528,0.5692151427730799,0.5633869227808822,0.5579238531116166,0.5527858394223537,0.5479388696159747,0.543353861334454,0.5390057673592755,0.5348728731371053,0.5309362393128462,0.5271792550284592,0.5235872767702194,0.5201473339640469,0.5168478871429611,0.5136786278848493,0.5106303122090553,0.5076946209780872,0.5048640422505581,0.5021317715961231,0.4994916271999909,0.4969379772164476,0.4944656773233786,0.4920700168165574,0.4897466718882654,0.4874916649781642,0.4853013292791918,0.4831722776381882,0.481101375218829,0.4790857164578594,0.4771240274247605,0.5961121718662686,0.5848984943313338,0.5182831735052331,0.3719221030442093,0.2111455974506968,0.1145879248599982,0.0697206508693675,0.0474393880221787,0.0349391620234919,0.0271866377709176,0.0220030554345907,0.0183353524723553,0.0156248079378144,0.0135518211567656,0.0119221343717538,0.0106116800514314,0.0095379048093638,0.0086439576926181,0.0078895284663723,0.0072453097869538,0.0066895257414237,0.0062056857920333,0.0057810907382149,0.0054058143025663,0.0050719936716063,0.004773325562106,0.0045047019600524,0.0042619426250535,0.004041595814186,0.0038407878704842,0.0036571083243605,0.0034885211505207,0.0033332955262295,0.0031899512952303,0.0030572156379249,0.0029339883647797,0.0028193139057958,0.0027123585437945,0.0026123917869249,0.0025187710328581,0.0024309288690108,0.0023483624976567,0.0022706248845432,0.0021973173136566,0.0021280830955831,0.0020626022272494,0.002000586840187,0.0019417773054368,0.0018859388877549,0.0018328588895038,0.0017823806811673,313.4605503584653,313.10939686056736,312.8060406668642,312.5577234013283,312.3744863189834,312.24241859520544,312.1371699221474,312.0461152259383,311.9635754067302,311.8867359668857,311.8140469303529,311.74458381477643,311.6777636658757,311.61320512295055,311.55065320026364,311.4899358725508,311.43093751211404,311.3735818349739,311.3178205052966,311.26362526270896,311.21098233059746,311.1598883528688,311.1103473865903,311.06236864424625,311.0159647814718,310.97115059069745,310.92794200301944,310.88635532841244,310.8464066832293,310.8081115669218,310.77148455902574,310.7365391139387,310.70328743569974,310.67174041840434,310.64190764042434,310.6137974025065,310.58741680127224,310.56277183075593,310.5398675055021,310.518707999438,310.49929679531533,310.48163683999326,310.46573070124754,310.4515807221517,310.43918916940726,310.42855837230246,310.4196908492692,310.4125894192843,310.40725729563684,310.4036981598498,310.4019162138206,0.0,0.1363719642701361,0.3001114567431409,0.4671627545395689,0.6357133940054285,0.8043495654624649,0.9729000123358236,1.1413660200370768,1.309748964497878,1.4780501535203865,1.646270829817292,1.8144121745689288,1.98247531147378,2.150461311234564,2.318371196396936,2.486205946437288,2.6539665029780872,2.8216537749924244,2.9892686438442757,3.15681196799976,3.324284587240104,3.4916873262135515,3.659020997184391,3.826286401874527,3.9934843323463376,4.160615570940928,4.327680889356843,4.494681047021996,4.661616788967175,4.828488843445281,4.995297919552474,5.16204470509479,5.328729864910292,5.495354039807348,5.661917846221801,5.828421876635149,5.994866700737821,6.161252867269064,6.327580906419562,6.493851332645596,6.660064647714758,6.826221343784267,6.992321906305362,7.158366816553542,7.324356553606435,7.490291595630019,7.656172420388058,7.82199950495621,7.987773324693594,8.153494351593578,8.31916305219324
966268951,0.9415133326773322,51,0.3103191979142662,349.83095266034604,0.9050459667061628,2.5375694884020454e-06,0.0011240248103302,0.5128974250561521,0.3985001679226236,0.1268064256180341,0.9910012867023624,0.6009102021104968,1052.6184809332233,841.4573827622385,0.1651998875132254,13.64962663404134,313.3103611422301,56247.03322429412,0.2614076793427272,261.4076793427272,3.7050487240748016,313.7267895631716,3.44256594384638,0.0663395829077291,311.51853887472805,15.542959800954131,3.699885617538485,3.694722035363243,3.689558746051716,3.6843957494927,3.679233045608133,3.674070634342513,3.6689085156562657,3.663746689521208,3.658585155917426,3.653423914830812,3.648262966251113,3.6431023102360394,3.6379423683822,3.6330715381879095,3.6280398500331614,3.622878501802666,3.617717176927993,3.612556149538997,3.6073954196100457,3.6022349869472463,3.59707485137296,3.591915012717185,3.5867554708131704,3.58159622549442,3.5764372765921144,3.5712786239373298,3.5661202991695937,3.5610360468267643,3.5559181230594783,3.5507594247094936,3.5456009371142403,3.540442752817719,3.53528487171035,3.5301272936168515,3.524970018374019,3.519813045860561,3.514656375880753,3.5095000082611056,3.5043439428210483,3.499188202127555,3.4940899563806003,3.488959294997389,3.4838032021152103,3.478647365324197,3.473491838425681,3.4683366212874733,3.463181713756732,3.458027115679492,3.452872826940673,3.447718847355679,3.44256594384638,0.0668964875948397,0.0668894873141071,0.0668824495237592,0.0668753760893573,0.0668682681827247,0.0668611265733528,0.0668539517787461,0.066846744146462,0.0668395039019328,0.0668322311780513,0.0668249260342769,0.0668175885794133,0.0668245853705117,0.0777758199641525,0.0716561522396557,0.0667187814806485,0.0667010667371742,0.066693718770361,0.0666863370881055,0.0666789152125296,0.0666714536701484,0.0666639526577819,0.0666564122074767,0.066648832235337,0.0666412125584518,0.0666335529008863,0.0666266436616136,0.069418165038485,0.0681221810611756,0.0665563142871115,0.0665452390195866,0.0665376405656355,0.0665300039117315,0.0665223264635307,0.0665146085849445,0.0665068517682944,0.0664990530901541,0.0664912133007593,0.0664833318928197,0.0664759490612635,0.068638072222729,0.0673891363540505,0.066404874826055,0.0663950661446025,0.0663872632581378,0.066379420036543,0.0663715355931556,0.0663636097831702,0.066355643978972,0.0663476311065869,0.0663395829077291,313.6871255386095,313.609639298935,313.53333540292425,313.4582250244248,313.38431941665027,313.3116299231526,313.24016798930086,313.1699451742651,313.100973163506,313.03326378176814,312.96682900657623,312.9016809822326,312.83783203431364,312.77529450494586,312.7139440373571,312.65386770965245,312.59513931935965,312.537772416921,312.4817807026667,312.4271781726115,312.3739791368746,312.3221982384698,312.27185047254886,312.2229512060874,312.175516198004,312.1295616197055,312.0851040760451,312.04216061679404,312.00071376066694,311.9607970592268,311.92244822573565,311.88568639445464,311.85053122348586,311.8170029615381,311.7851224718079,311.75491125612933,311.7263914793974,311.69958599432124,311.67451836638924,311.6512128990941,311.6296946526207,311.6099623362675,311.5920576807893,311.5760202035512,311.561878303637,311.54966124834743,311.53939922481453,311.5311233665664,311.5248657801709,311.52065957192974,311.51853887472805,0.0,0.4653895112305005,0.8183309924701528,1.169211080401984,1.518041813059673,1.8648351572930584,2.2096030101065938,2.5523571990665777,2.893109482706004,3.231871550927087,3.56865502540142,3.903471459967816,4.2363323410278335,4.567249087938997,4.896233053405741,5.223295523868064,5.548447719887932,5.871700796533437,6.193065843760706,6.512553886793596,6.830175886501201,7.145942739773113,7.459865279892541,7.771954276907257,8.082220437998348,8.390674407846861,8.697326768998305,9.002188042225022,9.305268686886452,9.606579101287291,9.906129623033603,10.20393052938679,10.49999203761558,10.79432430534593,11.086937430908868,11.377841453686347,11.667046354455078,11.954562055728342,12.240398422095849,12.52456526056156,12.80707232087962,13.08792929588826,13.367145821841806,13.644731478740733,13.92069579065979,14.195048226074242,14.46779819818419,14.738955065237004,15.00852813084788,15.276526644318553,15.542959800954131
809613383,0.8818813612366732,51,0.5023140852801966,411.41117762677504,0.5055098952983547,1.6649975182624316e-06,0.0334485702389482,2.1505486868632397,1.060095073449754,3.639714015291728,0.8208830294345019,1.258035464618551,1034.9166033431038,886.423580073416,0.3160955134741883,16.122394248416434,313.9012318823508,46318.24583088078,0.2137340387464063,213.73403874640636,1.2145297591286557,302.67461174769386,0.2329979906589071,0.0111714694103985,303.43902224184376,27.7695579963306,1.1779679553191993,1.0885357878493311,0.9644642668594412,0.8424848661501312,0.7423935425619974,0.6654455560603488,0.6066277817681016,0.5608724236619634,0.5244197391746293,0.4946880596465978,0.4699235285858152,0.4489191801684172,0.4308267218371623,0.415036054222152,0.4010984190105713,0.3886767563410948,0.3775130308493062,0.3674062759671372,0.3581975311296249,0.3497593000734784,0.3419880339725649,0.3347986775606075,0.32812064807372,0.3218948264537701,0.3160712751499355,0.3106074852272618,0.3054670143793487,0.3006184173244162,0.296034397490144,0.2916911280262173,0.2875677037132574,0.2836456950259887,0.279908782630258,0.2763424557393438,0.2729337615657576,0.2696710959548122,0.2665440274376346,0.2635431485795935,0.2606599497579746,0.2578867114760808,0.2552164120796678,0.2526426483372122,0.2501595668161271,0.2477618043612441,0.2454444362812115,0.2432029310892425,0.2410331108393968,0.2389311162578933,0.2368933759983062,0.2349165795168012,0.2329979906589071,1.4495268468907565,1.2557969284114885,0.9889113186499932,0.7295904272681085,0.5295078137369714,0.3910555809380506,0.2977025691196115,0.2338541302335038,0.1889156940669068,0.1562817093502968,0.131876072156536,0.1131402139672038,0.0984251057739448,0.0866372064681414,0.0770310455772462,0.0690852542887544,0.0624266039410676,0.0567822403895125,0.0519488830545013,0.0477724867654744,0.0441345133497511,0.0409424749282208,0.0381232972175272,0.0356185815803738,0.033381169079426,0.0313726125258552,0.0295612916978376,0.0279209907613417,0.0264298123114089,0.0250693396306824,0.0238239840989764,0.0226804722005665,0.0216274388417872,0.0206551023894612,0.0197550030804494,0.0189197909779271,0.0181430529656609,0.01741917072444,0.0167432034659505,0.0161107905781316,0.0155180703826132,0.0149616120053487,0.0144383579783316,0.0139455756687737,0.0134808160057681,0.0130418782680508,0.0126267799285385,0.0122337307357809,0.0118611103598888,0.0115074490597452,0.0111714694103985,302.62218992824893,302.5231836729756,302.4397160516577,302.3786119805243,302.33963376862465,302.3186998758074,302.3114455764388,302.314436764953,302.32518978145544,302.34192691224274,302.363354673572,302.3885078795817,302.4166466994702,302.4471892396732,302.4796668556525,302.5136939490916,302.5489471109711,302.58515040787034,302.6220647905219,302.65948032635725,302.6972104055069,302.7350873518937,302.77295905226964,302.8106863346392,302.84814090657585,302.88520371757744,302.9217636466109,302.957716441928,302.9929638586668,303.0274129530451,303.06097550164804,303.0935675214845,303.1251088718331,303.155522922945,303.18473627974686,303.212678551057,303.2392821566672,303.2644821660765,303.28821616380014,303.3104241370714,303.3310483824769,303.3500334286408,303.36732597254075,303.3828748274222,303.3966308805854,303.4085470595774,303.4185783055344,303.4266815525925,303.43281571243693,303.4369416631768,303.43902224184376,0.0,0.5721378210762255,1.162699831813942,1.750660467994501,2.33622858617039,2.919570806806035,3.500824191078301,4.080104108290968,4.657509442301009,5.23312619275997,5.807030057433851,6.379288339775443,6.949961393541277,7.519103740103292,8.086764948361932,8.652990338632023,9.21782155347957,9.781297026287604,10.343452370030718,10.904320702966269,11.46393292385538,12.022317946369816,12.579502900170777,13.135513304530456,13.690373219148466,14.244105375884978,14.796731294414917,15.348271384247193,15.898745035113317,16.448170697379613,16.996565953858234,17.543947584166393,18.09033162260074,18.635733410344383,19.180167642701228,19.72364841195089,20.266189246333163,20.807803145600325,21.348502613516857,21.88829968763534,22.42720596663588,22.96523263547961,23.50239048859638,24.038689951300128,24.57414109960269,25.10875367857692,25.64253711940323,26.17550055521857,26.70765283587384,27.239002541694703,27.7695579963306
525295842,0.7700806727696122,51,0.6507338418991704,210.90528275067211,0.2914836447865087,4.108393576520063e-06,0.0710748363132597,1.833104611248616,0.3397267224711659,0.3232598202783917,0.3456024173916293,1.4467037312519369,1025.9477437995338,881.2893221303008,0.4949586466604483,48.692210522173625,300.1784823118749,61120.77779284126,0.295280997495865,295.280997495865,2.520214423346447,299.7342783676833,0.3347542645867056,0.2064552656918246,273.5587970873261,48.82019243136684,2.5202144201143994,2.520214412640492,2.520214398165991,2.5202143724110577,2.520214328895794,2.5202142581724662,2.5202141465009085,2.5202139740108427,2.5202137121071138,2.520213319790745,2.520212738442442,2.520211884425561,2.5202106385964727,2.520208831428401,2.52020622191336,2.520202467638235,2.52019708234132,2.5201893757087466,2.520178367978067,2.520162668802128,2.520140305415305,2.5201084788775767,2.5200632183020244,2.519998890356713,2.519907503488387,2.5197777209794125,2.5195934610022563,2.5193319110826304,2.5189607120550286,2.51843396484085,2.517686568527232,2.5166261954036324,2.515121918574018,2.512988107430654,2.5099616342580027,2.5056696475045706,2.4995840825929028,2.4909575664234915,2.478733421025521,2.4614198302797035,2.436915100771497,2.402267582915869,2.353351061685864,2.284437877575064,2.1876648066138915,2.0524310448446523,1.8648981667698812,1.6081288747233766,1.2645170088283326,0.8260312701718862,0.3347542645867056,0.8935551170848525,0.8935551131861811,0.8935551066272125,0.8935550959208214,0.8935550788960533,0.8935550525846595,0.8935550126890932,0.893554953057768,0.8935548649173073,0.8935547357751469,0.8935545478632962,0.8935542759313414,0.8935538841163808,0.8935533215035057,0.8935525158288379,0.8935513645474231,0.8935497221631313,0.8935473822552646,0.8935440519831466,0.8935393159175067,0.893532584733802,0.8935230224256265,0.8935094430581585,0.8934901642940241,0.8934627996211489,0.8934239636239206,0.893368853882888,0.893290658035464,0.8931797126653204,0.8930223106436993,0.8927990096888624,0.8924822352701164,0.8920328817687231,0.8913955001777629,0.8904914822993968,0.889209419552556,0.8873914886260198,0.8848142350090928,0.8811615705742204,0.8759869062497767,0.8686603904652794,0.8582960679994699,0.8436524632358587,0.8230000205832424,0.7939506998294084,0.7532541289311564,0.6965939475543902,0.6184960546306814,0.5126992030697183,0.3741021570245884,0.2064552656918246,299.5438254015075,299.16033633058225,298.77169951404335,298.3777902033117,297.97848122354526,297.5736429179209,297.1631430932514,296.74684696807606,296.32461712455296,295.8963134658333,295.461793181039,295.0209107205368,294.5735177849264,294.1194633320914,293.6585936078517,293.1907522072788,292.71578017569965,292.2335161609448,291.74379663168315,291.24645618097446,290.7413279398048,290.22824413281666,289.7070368183721,289.1775388683876,288.6395852613662,288.0930147864986,287.5376722901699,286.9734116422982,286.4000996636441,285.81762134388447,285.22588680378425,284.6248406278281,284.0144744358228,283.3948439028591,282.7660919140491,282.12848021203445,281.4824328347873,280.8285959497506,280.1679205146946,279.5017766840992,278.8321122687141,278.1616720127287,277.4943000570114,276.83535450278055,276.19226904121655,275.57529831301594,274.9984702502064,274.4807107313604,274.04692290769293,273.7282406634693,273.5587970873261,0.0,0.9734751058872104,1.9537420900211888,2.933195638999074,3.912090385798343,4.89059798384811,5.868834421789987,6.846878697100474,7.824785147280302,8.802591559572695,9.780324506787288,10.758002890010737,11.735640304282748,12.713246638312786,13.69082916199224,14.668393274369487,15.645943025436775,16.62348148646742,17.601011012177054,18.578533423298527,19.55605014501657,20.533562304011344,21.511070801385262,22.48857636838119,23.466079598462823,24.44358097921128,25.421080910811128,26.39857972463725,27.37607769067193,28.353575033016067,29.331071928101903,30.308568511450197,31.286064888171,32.263561129283616,33.24105728428924,34.21855337833617,35.19604941386601,36.17354538153548,37.15104126171568,38.12853702390272,39.10603263284971,40.08352804979644,41.06102324036775,42.03851817775488,43.016012839172255,43.99350721234453,44.97100129389872,45.94849509679168,46.92598858479069,47.90165764358278,48.82019243136684
